"service_id","monday","tuesday","wednesday","thursday","friday","saturday","sunday","start_date","end_date"
1,0,0,0,0,0,0,0,20240610,20241214
2,0,0,0,0,0,0,0,20240610,20241214
3,0,0,0,0,0,0,0,20240610,20241214
4,1,1,1,1,1,0,0,20240610,20241214
5,0,0,0,0,0,0,0,20240610,20241214
6,1,1,1,1,1,0,0,20240610,20241214
7,0,0,0,0,0,0,0,20240610,20241214
8,0,0,0,0,0,0,0,20240610,20241214
9,0,0,0,0,0,0,0,20240610,20241214
10,0,0,0,0,0,0,0,20240610,20241214
11,0,0,0,0,0,0,0,20240610,20241214
12,0,0,0,0,0,0,0,20240610,20241214
13,0,0,0,0,0,0,0,20240610,20241214
14,0,0,0,0,0,0,0,20240610,20241214
15,0,0,0,0,0,0,0,20240610,20241214
16,0,0,0,0,0,0,0,20240610,20241214
17,0,0,0,0,0,0,0,20240610,20241214
18,0,0,0,0,0,0,0,20240610,20241214
19,1,1,1,0,0,0,0,20240610,20241214
20,0,0,0,0,0,0,0,20240610,20241214
21,0,0,0,0,0,1,0,20240610,20241214
22,0,0,0,0,0,0,1,20240610,20241214
23,1,1,1,1,1,0,1,20240610,20241214
24,1,1,1,1,1,1,1,20240610,20241214
25,0,0,0,0,0,1,1,20240610,20241214
26,1,1,1,1,1,1,0,20240610,20241214
27,1,1,1,1,1,0,0,20240610,20241214
28,0,0,0,0,0,0,0,20240610,20241214
29,0,0,0,0,0,1,1,20240610,20241214
30,0,0,0,0,0,1,0,20240610,20241214
31,1,1,1,1,1,1,0,20240610,20241214
32,0,0,0,0,0,0,1,20240610,20241214
33,1,1,1,1,1,1,1,20240610,20241214
34,0,0,0,0,0,0,0,20240610,20241214
35,0,0,0,0,0,0,0,20240610,20241214
36,0,0,0,0,0,0,0,20240610,20241214
37,0,0,0,0,0,0,0,20240610,20241214
38,0,0,0,0,0,0,0,20240610,20241214
39,0,0,0,0,0,0,0,20240610,20241214
40,0,0,0,0,1,0,0,20240610,20241214
41,0,1,0,0,1,0,0,20240610,20241214
42,1,1,1,1,0,0,0,20240610,20241214
43,0,0,0,0,1,1,1,20240610,20241214
44,0,0,0,0,1,1,0,20240610,20241214
45,0,0,0,0,1,0,0,20240610,20241214
46,0,0,0,0,0,1,0,20240610,20241214
47,1,1,1,0,0,0,0,20240610,20241214
48,0,0,0,0,1,1,0,20240610,20241214
49,0,0,0,0,0,0,0,20240610,20241214
50,1,1,1,1,1,0,0,20240610,20241214
51,1,1,1,1,1,1,0,20240610,20241214
52,0,0,0,0,0,0,1,20240610,20241214
53,0,0,0,0,0,1,0,20240610,20241214
54,0,0,0,0,0,1,1,20240610,20241214
55,1,1,1,1,1,1,1,20240610,20241214
56,0,0,0,0,0,0,0,20240610,20241214
57,0,0,0,0,0,0,0,20240610,20241214
58,0,0,0,0,0,0,0,20240610,20241214
59,0,0,0,0,0,0,0,20240610,20241214
60,0,0,0,0,0,0,0,20240610,20241214
61,0,0,0,0,0,0,0,20240610,20241214
62,1,1,1,1,1,0,0,20240610,20241214
63,1,1,1,1,0,0,1,20240610,20241214
64,1,1,0,0,0,0,0,20240610,20241214
65,0,0,0,0,0,0,0,20240610,20241214
66,0,0,0,0,0,0,0,20240610,20241214
67,0,0,1,1,1,1,0,20240610,20241214
68,0,0,1,1,1,0,0,20240610,20241214
69,0,0,1,1,1,0,0,20240610,20241214
70,0,0,0,0,0,1,0,20240610,20241214
71,0,0,0,0,0,0,1,20240610,20241214
72,0,0,1,1,1,1,0,20240610,20241214
73,1,1,0,0,0,0,0,20240610,20241214
74,1,1,0,0,0,0,0,20240610,20241214
75,0,0,0,0,0,0,0,20240610,20241214
76,0,0,0,0,1,1,0,20240610,20241214
77,0,0,0,0,1,0,0,20240610,20241214
78,0,0,0,0,0,0,0,20240610,20241214
79,0,0,0,0,0,0,0,20240610,20241214
80,0,0,0,0,1,0,0,20240610,20241214
81,0,0,0,0,1,0,0,20240610,20241214
82,0,0,0,0,0,0,0,20240610,20241214
83,0,0,0,1,1,0,0,20240610,20241214
84,1,1,1,0,1,0,0,20240610,20241214
85,0,0,1,0,0,0,0,20240610,20241214
86,1,1,0,1,0,0,0,20240610,20241214
87,0,0,1,0,1,0,0,20240610,20241214
88,1,1,1,1,1,0,0,20240610,20241214
89,1,1,1,1,1,0,0,20240610,20241214
90,0,0,0,0,0,1,0,20240610,20241214
91,1,1,1,1,1,1,0,20240610,20241214
92,0,0,0,0,0,0,1,20240610,20241214
93,1,1,1,1,1,1,1,20240610,20241214
94,0,0,0,0,0,0,0,20240610,20241214
95,0,0,0,0,0,0,0,20240610,20241214
96,0,0,0,0,0,0,0,20240610,20241214
97,0,0,0,0,0,0,0,20240610,20241214
98,0,0,0,0,0,0,0,20240610,20241214
99,0,0,0,0,0,0,0,20240610,20241214
100,0,0,0,0,0,0,0,20240610,20241214
101,0,0,0,0,0,0,0,20240610,20241214
102,0,0,0,0,0,0,0,20240610,20241214
103,0,0,0,0,0,0,0,20240610,20241214
104,0,0,0,0,0,0,0,20240610,20241214
105,1,1,1,1,1,0,0,20240610,20241214
106,0,0,0,0,0,1,0,20240610,20241214
107,0,0,0,0,0,0,1,20240610,20241214
108,1,1,1,1,1,1,0,20240610,20241214
109,0,0,0,0,0,1,1,20240610,20241214
110,1,1,1,1,1,1,1,20240610,20241214
111,1,1,1,1,1,0,0,20240610,20241214
112,0,0,0,0,0,0,0,20240610,20241214
113,0,0,0,0,0,1,0,20240610,20241214
114,0,0,0,0,0,0,0,20240610,20241214
115,0,0,0,0,0,0,1,20240610,20241214
116,0,0,0,0,0,0,0,20240610,20241214
117,1,1,1,1,1,1,0,20240610,20241214
118,0,0,0,0,0,0,0,20240610,20241214
119,0,0,0,0,0,0,0,20240610,20241214
120,1,1,1,0,1,0,0,20240610,20241214
121,0,0,0,0,0,0,0,20240610,20241214
122,1,1,0,1,0,0,1,20240610,20241214
123,1,1,1,1,1,0,0,20240610,20241214
124,0,0,0,0,0,0,0,20240610,20241214
125,1,1,1,1,1,1,0,20240610,20241214
126,1,1,1,1,0,0,1,20240610,20241214
127,1,1,1,1,1,1,1,20240610,20241214
128,0,0,0,0,0,1,1,20240610,20241214
129,1,1,1,1,1,0,1,20240610,20241214
130,0,0,0,0,1,1,0,20240610,20241214
131,0,0,0,0,0,0,0,20240610,20241214
132,0,0,0,0,0,0,0,20240610,20241214
133,0,0,0,0,0,0,0,20240610,20241214
134,0,0,0,0,0,0,0,20240610,20241214
135,0,0,0,0,0,0,0,20240610,20241214
136,0,0,0,0,0,0,0,20240610,20241214
137,1,1,1,1,1,0,0,20240610,20241214
138,0,0,0,0,0,0,0,20240610,20241214
139,0,0,0,0,0,0,0,20240610,20241214
140,0,0,0,0,0,0,0,20240610,20241214
141,0,0,0,0,0,0,0,20240610,20241214
142,0,0,0,0,0,0,0,20240610,20241214
143,0,0,0,0,0,0,0,20240610,20241214
144,0,0,0,0,0,0,0,20240610,20241214
145,1,1,1,1,1,1,1,20240610,20241214
146,0,0,0,0,0,0,0,20240610,20241214
147,0,0,0,0,0,1,1,20240610,20241214
148,1,1,1,1,1,1,1,20240610,20241214
149,1,1,1,0,1,0,0,20240610,20241214
150,0,0,0,0,0,1,0,20240610,20241214
151,1,1,1,1,1,1,1,20240610,20241214
152,0,0,0,0,0,1,1,20240610,20241214
153,1,1,1,1,1,1,1,20240610,20241214
154,0,0,0,0,0,0,0,20240610,20241214
155,0,0,0,0,0,0,0,20240610,20241214
156,0,0,0,0,0,0,0,20240610,20241214
157,0,0,0,0,0,0,0,20240610,20241214
158,0,0,0,0,0,1,1,20240610,20241214
159,0,0,0,0,0,1,0,20240610,20241214
160,1,1,1,1,1,1,1,20240610,20241214
161,0,0,0,0,1,1,0,20240610,20241214
162,1,1,1,1,1,0,0,20240610,20241214
163,0,0,0,0,0,0,0,20240610,20241214
164,1,1,1,1,1,1,0,20240610,20241214
165,1,1,1,1,1,0,0,20240610,20241214
166,1,1,1,1,1,0,0,20240610,20241214
167,0,0,0,0,0,0,0,20240610,20241214
168,0,0,0,0,0,1,0,20240610,20241214
169,1,1,1,1,1,1,0,20240610,20241214
170,0,0,0,0,0,0,1,20240610,20241214
171,1,1,1,1,1,1,1,20240610,20241214
172,0,0,0,0,0,1,1,20240610,20241214
173,0,0,0,0,0,1,0,20240610,20241214
174,0,0,0,0,0,0,0,20240610,20241214
175,0,0,0,0,0,0,0,20240610,20241214
176,0,0,0,0,0,0,0,20240610,20241214
177,0,0,0,0,0,0,0,20240610,20241214
178,1,1,1,1,1,0,0,20240610,20241214
179,0,0,0,0,0,0,0,20240610,20241214
180,0,0,0,0,0,0,0,20240610,20241214
181,0,0,0,0,0,0,0,20240610,20241214
182,0,0,0,0,0,0,0,20240610,20241214
183,0,0,0,0,0,0,0,20240610,20241214
184,0,0,0,0,0,0,0,20240610,20241214
185,0,0,0,0,0,0,0,20240610,20241214
186,0,0,0,0,0,0,0,20240610,20241214
187,1,1,1,1,1,1,1,20240610,20241214
188,1,1,1,1,1,0,0,20240610,20241214
189,0,0,0,0,0,1,1,20240610,20241214
190,0,0,0,0,0,1,0,20240610,20241214
191,0,0,0,0,0,0,1,20240610,20241214
192,1,1,1,1,1,1,0,20240610,20241214
193,0,0,0,0,1,1,0,20240610,20241214
194,0,0,0,0,0,0,0,20240610,20241214
195,0,0,0,0,0,1,1,20240610,20241214
196,1,1,1,1,1,1,0,20240610,20241214
197,1,1,1,1,1,1,1,20240610,20241214
198,1,1,1,1,0,0,0,20240610,20241214
199,1,1,1,1,1,0,0,20240610,20241214
200,1,1,1,1,1,1,0,20240610,20241214
201,0,0,0,0,0,1,0,20240610,20241214
202,0,0,0,0,0,1,1,20240610,20241214
203,0,0,0,0,0,0,0,20240610,20241214
204,0,0,0,0,0,0,0,20240610,20241214
205,1,1,1,1,1,0,0,20240610,20241214
206,0,0,0,0,0,0,0,20240610,20241214
207,0,0,0,0,0,1,0,20240610,20241214
208,0,0,0,0,0,0,0,20240610,20241214
209,0,0,0,0,0,0,1,20240610,20241214
210,0,0,0,0,0,0,0,20240610,20241214
211,0,0,0,0,0,1,1,20240610,20241214
212,0,0,0,0,0,0,0,20240610,20241214
213,1,1,1,1,1,1,1,20240610,20241214
214,0,0,0,0,0,0,0,20240610,20241214
215,0,0,0,0,1,1,0,20240610,20241214
216,1,1,1,1,1,1,0,20240610,20241214
217,0,0,0,0,0,0,0,20240610,20241214
218,0,0,0,0,0,0,0,20240610,20241214
219,0,0,0,0,0,0,0,20240610,20241214
220,0,0,0,0,1,0,0,20240610,20241214
221,0,0,0,0,0,0,0,20240610,20241214
222,0,0,0,0,1,1,0,20240610,20241214
223,1,1,1,1,1,0,0,20240610,20241214
224,1,1,1,1,1,0,0,20240610,20241214
225,0,0,0,0,0,0,0,20240610,20241214
226,1,1,1,1,0,0,0,20240610,20241214
227,0,0,0,0,1,1,0,20240610,20241214
228,0,0,0,0,0,0,0,20240610,20241214
229,1,1,1,1,1,0,0,20240610,20241214
230,0,0,0,0,0,0,0,20240610,20241214
231,0,0,0,0,0,0,0,20240610,20241214
232,0,0,0,0,0,0,0,20240610,20241214
233,1,1,1,1,1,0,0,20240610,20241214
234,1,1,1,1,0,0,0,20240610,20241214
235,1,1,1,1,0,0,1,20240610,20241214
236,0,0,0,0,0,0,0,20240610,20241214
237,0,0,0,0,0,0,0,20240610,20241214
238,0,0,0,0,0,0,0,20240610,20241214
239,0,0,0,0,1,0,0,20240610,20241214
240,0,0,0,0,0,1,0,20240610,20241214
241,0,0,0,0,0,0,0,20240610,20241214
242,0,0,0,0,0,0,0,20240610,20241214
243,0,0,0,0,0,0,0,20240610,20241214
244,1,0,0,0,0,0,0,20240610,20241214
245,1,1,1,1,0,0,1,20240610,20241214
246,0,0,0,0,0,0,0,20240610,20241214
247,0,0,0,0,1,1,0,20240610,20241214
248,0,0,0,0,0,0,0,20240610,20241214
249,0,0,0,0,0,0,1,20240610,20241214
250,1,1,1,0,1,0,0,20240610,20241214
251,0,0,0,0,0,1,0,20240610,20241214
252,1,1,1,0,1,1,0,20240610,20241214
253,1,1,1,1,1,1,1,20240610,20241214
254,0,0,0,0,0,0,0,20240610,20241214
255,0,0,0,0,0,0,0,20240610,20241214
256,0,0,0,0,0,0,0,20240610,20241214
257,0,0,0,0,0,0,0,20240610,20241214
258,1,1,1,1,1,1,1,20240610,20241214
259,1,1,1,0,1,0,0,20240610,20241214
260,1,1,1,0,1,1,0,20240610,20241214
261,0,0,0,0,0,0,0,20240610,20241214
262,0,0,0,0,0,0,0,20240610,20241214
263,1,1,1,1,1,0,0,20240610,20241214
264,0,0,0,0,0,0,0,20240610,20241214
265,1,1,1,1,1,0,0,20240610,20241214
266,0,0,0,0,0,0,0,20240610,20241214
267,1,1,1,1,1,0,0,20240610,20241214
268,0,0,0,1,0,0,0,20240610,20241214
269,0,0,1,0,0,0,0,20240610,20241214
270,0,1,0,0,0,0,0,20240610,20241214
271,1,0,0,0,0,0,0,20240610,20241214
272,0,0,0,0,0,0,0,20240610,20241214
273,0,0,0,0,0,0,0,20240610,20241214
274,0,0,0,0,0,0,0,20240610,20241214
275,0,0,0,0,0,0,0,20240610,20241214
276,0,0,0,0,0,0,0,20240610,20241214
277,0,0,0,0,0,0,0,20240610,20241214
278,0,0,0,0,0,0,0,20240610,20241214
279,0,0,0,0,0,0,0,20240610,20241214
280,0,0,0,0,0,0,0,20240610,20241214
281,0,0,0,0,0,0,0,20240610,20241214
282,0,0,0,0,0,0,0,20240610,20241214
283,0,0,0,0,0,0,0,20240610,20241214
284,0,0,0,0,0,0,0,20240610,20241214
285,0,0,0,0,0,0,0,20240610,20241214
286,0,0,0,0,0,0,0,20240610,20241214
287,0,0,0,0,0,0,0,20240610,20241214
288,0,0,0,0,0,0,0,20240610,20241214
289,0,0,0,0,0,0,0,20240610,20241214
290,0,0,0,0,0,0,0,20240610,20241214
291,0,0,0,0,0,0,0,20240610,20241214
292,0,0,0,0,0,0,0,20240610,20241214
293,0,0,0,0,0,0,0,20240610,20241214
294,0,0,0,0,0,0,0,20240610,20241214
295,0,0,0,0,0,0,0,20240610,20241214
296,0,0,0,0,1,0,0,20240610,20241214
297,1,1,1,1,0,0,1,20240610,20241214
298,0,0,0,0,0,0,0,20240610,20241214
299,0,0,0,0,0,0,1,20240610,20241214
300,0,0,0,0,0,0,0,20240610,20241214
301,0,0,0,0,0,0,0,20240610,20241214
302,0,0,0,0,0,0,0,20240610,20241214
303,0,0,0,0,0,0,0,20240610,20241214
304,0,0,0,0,0,0,0,20240610,20241214
305,0,0,0,0,0,0,0,20240610,20241214
306,0,0,0,0,0,0,0,20240610,20241214
307,0,0,0,0,0,0,0,20240610,20241214
308,0,0,0,0,0,0,0,20240610,20241214
309,0,0,0,0,0,0,0,20240610,20241214
310,0,0,0,0,0,0,0,20240610,20241214
311,0,0,0,0,0,0,0,20240610,20241214
312,0,0,0,0,0,0,0,20240610,20241214
313,0,0,0,0,0,0,0,20240610,20241214
314,0,1,1,1,1,1,0,20240610,20241214
315,0,0,0,0,0,0,0,20240610,20241214
316,0,0,0,0,0,0,0,20240610,20241214
317,0,0,0,0,0,0,0,20240610,20241214
318,0,0,0,0,0,0,0,20240610,20241214
319,0,0,0,0,0,0,0,20240610,20241214
320,0,0,0,0,0,0,0,20240610,20241214
321,0,0,0,0,0,0,0,20240610,20241214
322,1,1,1,1,1,0,1,20240610,20241214
323,0,0,0,0,1,1,0,20240610,20241214
324,0,0,0,0,0,0,0,20240610,20241214
325,0,0,0,0,0,0,0,20240610,20241214
326,0,0,0,0,0,0,0,20240610,20241214
327,0,0,0,0,0,0,0,20240610,20241214
328,0,0,0,0,0,0,0,20240610,20241214
329,0,0,0,0,0,0,0,20240610,20241214
330,0,0,0,0,0,0,0,20240610,20241214
331,0,0,0,0,0,0,0,20240610,20241214
332,0,0,0,0,0,0,0,20240610,20241214
333,0,0,0,0,0,0,0,20240610,20241214
334,0,0,0,0,0,0,0,20240610,20241214
335,0,0,0,0,0,0,0,20240610,20241214
336,0,0,0,0,0,0,0,20240610,20241214
337,0,0,0,0,0,0,0,20240610,20241214
338,0,0,0,0,0,0,0,20240610,20241214
339,0,0,0,0,0,0,0,20240610,20241214
340,0,0,0,0,0,0,0,20240610,20241214
341,0,0,0,0,0,0,0,20240610,20241214
342,0,0,0,0,0,0,0,20240610,20241214
343,0,0,0,0,0,0,0,20240610,20241214
344,0,0,0,0,0,0,0,20240610,20241214
345,0,0,0,0,0,0,0,20240610,20241214
346,0,0,0,0,0,0,0,20240610,20241214
347,0,0,0,0,0,0,0,20240610,20241214
348,0,0,0,0,0,0,0,20240610,20241214
349,0,0,0,0,0,0,0,20240610,20241214
350,0,0,0,0,0,0,0,20240610,20241214
351,0,0,0,0,0,0,0,20240610,20241214
352,0,0,0,0,0,0,0,20240610,20241214
353,0,0,0,0,0,0,0,20240610,20241214
354,0,0,0,0,0,0,0,20240610,20241214
355,0,0,0,0,0,0,0,20240610,20241214
356,0,0,0,0,0,0,0,20240610,20241214
357,0,0,0,0,0,0,0,20240610,20241214
358,0,0,0,0,0,0,0,20240610,20241214
359,0,0,0,0,0,0,0,20240610,20241214
360,0,0,0,0,0,0,0,20240610,20241214
361,0,0,0,0,0,0,0,20240610,20241214
362,0,0,0,0,0,0,0,20240610,20241214
363,0,0,0,0,0,0,0,20240610,20241214
364,0,0,0,0,0,0,0,20240610,20241214
365,0,0,0,0,0,0,0,20240610,20241214
366,0,0,0,0,0,0,0,20240610,20241214
367,0,0,0,0,0,0,0,20240610,20241214
368,0,0,0,0,0,0,0,20240610,20241214
369,0,0,0,0,0,0,0,20240610,20241214
370,0,0,0,0,0,0,0,20240610,20241214
371,0,0,0,0,0,0,0,20240610,20241214
372,0,0,0,0,0,0,0,20240610,20241214
373,0,0,0,0,0,0,0,20240610,20241214
374,0,0,0,0,0,0,0,20240610,20241214
375,0,0,0,0,0,0,0,20240610,20241214
376,0,0,0,0,0,0,0,20240610,20241214
377,0,0,0,0,0,0,0,20240610,20241214
378,0,0,0,0,0,0,0,20240610,20241214
379,0,0,0,0,0,0,0,20240610,20241214
380,0,0,0,0,0,0,0,20240610,20241214
381,0,0,0,0,0,0,0,20240610,20241214
382,0,0,0,0,0,0,0,20240610,20241214
383,0,0,0,0,0,0,0,20240610,20241214
384,0,0,0,0,0,0,0,20240610,20241214
385,0,0,0,0,0,0,0,20240610,20241214
386,0,0,0,0,0,0,0,20240610,20241214
387,1,1,1,1,1,0,0,20240610,20241214
388,0,0,0,0,1,0,0,20240610,20241214
389,0,0,0,0,0,1,0,20240610,20241214
390,0,0,0,0,0,1,1,20240610,20241214
391,0,0,0,0,0,1,1,20240610,20241214
392,1,1,1,1,1,1,0,20240610,20241214
393,0,1,1,1,1,0,0,20240610,20241214
394,1,0,0,0,0,0,0,20240610,20241214
395,0,1,1,0,0,0,0,20240610,20241214
396,1,0,0,1,1,0,0,20240610,20241214
397,0,0,0,0,0,0,1,20240610,20241214
398,0,0,0,0,0,1,0,20240610,20241214
399,0,0,0,0,0,0,1,20240610,20241214
400,0,0,0,0,0,0,0,20240610,20241214
401,0,0,0,0,0,0,1,20240610,20241214
402,0,0,0,0,0,0,1,20240610,20241214
403,0,0,0,0,0,0,0,20240610,20241214
404,0,0,0,0,0,0,0,20240610,20241214
405,0,0,0,0,0,0,0,20240610,20241214
406,0,0,0,0,0,0,0,20240610,20241214
407,1,1,1,1,1,0,0,20240610,20241214
408,1,1,1,1,1,1,0,20240610,20241214
409,0,0,0,0,0,0,0,20240610,20241214
410,0,0,0,0,0,0,0,20240610,20241214
411,0,0,0,0,1,0,0,20240610,20241214
412,0,0,0,0,0,0,0,20240610,20241214
413,0,0,0,0,0,0,1,20240610,20241214
414,0,0,0,0,0,0,0,20240610,20241214
415,0,0,0,0,0,0,0,20240610,20241214
416,0,0,0,0,1,1,0,20240610,20241214
417,0,0,0,0,0,1,0,20240610,20241214
418,1,1,1,1,0,0,0,20240610,20241214
419,0,0,0,0,0,0,0,20240610,20241214
420,0,0,0,0,0,1,0,20240610,20241214
421,1,0,0,0,0,0,0,20240610,20241214
422,0,0,0,1,0,0,0,20240610,20241214
423,0,0,0,0,0,0,1,20240610,20241214
424,0,0,0,0,1,0,0,20240610,20241214
425,0,1,1,0,0,0,0,20240610,20241214
426,0,0,0,0,0,0,0,20240610,20241214
427,0,0,0,0,0,0,0,20240610,20241214
428,0,0,0,0,0,0,0,20240610,20241214
429,0,0,0,0,0,0,0,20240610,20241214
430,0,0,0,0,0,0,0,20240610,20241214
431,0,0,0,0,0,0,0,20240610,20241214
432,0,0,0,0,0,0,0,20240610,20241214
433,0,0,0,0,0,0,0,20240610,20241214
434,0,0,0,0,0,0,0,20240610,20241214
435,0,0,0,0,0,0,0,20240610,20241214
436,0,0,0,0,0,0,0,20240610,20241214
437,0,0,0,0,0,0,0,20240610,20241214
438,0,0,0,0,0,0,1,20240610,20241214
439,0,0,0,0,0,1,1,20240610,20241214
440,1,1,1,1,1,1,0,20240610,20241214
441,1,1,1,1,0,0,1,20240610,20241214
442,0,0,0,0,1,1,0,20240610,20241214
443,0,0,0,0,0,0,0,20240610,20241214
444,0,0,0,0,0,0,0,20240610,20241214
445,1,1,1,1,0,0,0,20240610,20241214
446,0,0,0,0,0,1,1,20240610,20241214
447,1,1,1,1,1,1,1,20240610,20241214
448,1,1,1,1,1,1,0,20240610,20241214
449,0,0,0,0,1,1,0,20240610,20241214
450,1,1,1,1,0,0,0,20240610,20241214
451,1,1,1,1,1,0,0,20240610,20241214
452,1,1,1,1,1,0,0,20240610,20241214
453,0,0,0,0,0,0,0,20240610,20241214
454,0,0,0,0,0,0,0,20240610,20241214
455,0,0,0,0,0,0,0,20240610,20241214
456,0,0,0,0,0,0,0,20240610,20241214
457,0,0,0,0,0,0,0,20240610,20241214
458,0,0,0,0,0,0,0,20240610,20241214
459,0,0,0,0,0,0,0,20240610,20241214
460,0,0,0,0,0,0,0,20240610,20241214
461,0,0,0,0,0,0,0,20240610,20241214
462,0,0,0,0,0,0,0,20240610,20241214
463,0,0,0,0,0,1,1,20240610,20241214
464,0,0,0,0,0,1,0,20240610,20241214
465,1,1,1,1,1,1,0,20240610,20241214
466,0,0,0,0,1,1,0,20240610,20241214
467,0,0,0,0,0,1,0,20240610,20241214
468,0,0,0,0,1,1,0,20240610,20241214
469,0,0,0,0,0,0,0,20240610,20241214
470,0,0,0,0,0,0,0,20240610,20241214
471,0,0,0,0,0,0,0,20240610,20241214
472,1,1,1,1,1,1,0,20240610,20241214
473,1,1,1,1,0,0,1,20240610,20241214
474,0,0,0,0,1,1,0,20240610,20241214
475,0,0,0,0,0,0,0,20240610,20241214
476,1,1,1,1,1,1,1,20240610,20241214
477,0,0,0,0,1,1,1,20240610,20241214
478,1,1,1,1,0,0,0,20240610,20241214
479,0,0,0,0,1,1,0,20240610,20241214
480,1,1,1,1,0,1,0,20240610,20241214
481,0,0,0,0,1,0,1,20240610,20241214
482,1,1,1,1,0,0,1,20240610,20241214
483,1,1,1,1,0,1,1,20240610,20241214
484,0,0,0,0,0,1,0,20240610,20241214
485,1,1,1,1,1,0,1,20240610,20241214
486,0,0,0,0,0,1,0,20240610,20241214
487,1,1,1,1,1,0,0,20240610,20241214
488,0,0,0,0,1,0,0,20240610,20241214
489,1,1,1,1,1,0,0,20240610,20241214
490,1,1,1,1,0,0,0,20240610,20241214
491,1,1,1,1,1,0,0,20240610,20241214
492,1,1,1,1,0,1,0,20240610,20241214
493,1,1,1,1,0,1,0,20240610,20241214
494,0,0,0,0,0,0,0,20240610,20241214
495,0,0,0,0,0,0,0,20240610,20241214
496,1,1,1,1,0,0,1,20240610,20241214
497,0,0,0,0,0,0,0,20240610,20241214
498,0,0,0,0,0,0,0,20240610,20241214
499,1,1,1,1,0,0,1,20240610,20241214
500,0,0,0,0,0,0,0,20240610,20241214
501,1,1,1,1,0,0,0,20240610,20241214
502,1,1,1,1,1,0,0,20240610,20241214
503,1,1,1,1,1,1,0,20240610,20241214
504,1,1,1,1,1,1,1,20240610,20241214
505,0,0,0,0,0,0,0,20240610,20241214
506,1,1,1,1,1,1,1,20240610,20241214
507,1,1,1,1,0,0,1,20240610,20241214
508,0,0,0,0,0,0,0,20240610,20241214
509,1,1,1,1,0,0,0,20240610,20241214
510,0,0,0,0,1,0,0,20240610,20241214
511,0,0,0,0,1,1,1,20240610,20241214
512,0,0,0,0,1,1,0,20240610,20241214
513,0,0,0,0,0,0,0,20240610,20241214
514,1,1,1,1,1,1,0,20240610,20241214
515,1,1,1,1,1,0,1,20240610,20241214
516,0,0,0,0,0,1,1,20240610,20241214
517,0,0,0,0,0,0,1,20240610,20241214
518,1,1,1,1,1,1,1,20240610,20241214
519,0,0,0,0,0,0,0,20240610,20241214
520,0,0,0,0,0,0,0,20240610,20241214
521,0,0,0,0,0,0,0,20240610,20241214
522,0,0,0,0,0,0,0,20240610,20241214
523,0,0,0,0,0,1,0,20240610,20241214
524,0,0,0,0,0,1,0,20240610,20241214
525,0,0,0,0,0,0,0,20240610,20241214
526,1,1,1,1,1,1,1,20240610,20241214
527,1,1,1,1,1,1,1,20240610,20241214
528,0,0,0,0,0,0,0,20240610,20241214
529,0,0,0,0,0,0,0,20240610,20241214
530,0,0,0,0,0,0,0,20240610,20241214
531,0,0,0,0,0,0,0,20240610,20241214
532,0,0,0,0,0,0,0,20240610,20241214
533,0,0,0,0,0,0,0,20240610,20241214
534,0,0,0,0,0,0,0,20240610,20241214
535,0,0,0,0,0,0,0,20240610,20241214
536,0,0,0,0,0,0,0,20240610,20241214
537,0,0,0,0,0,0,0,20240610,20241214
538,0,0,0,0,0,0,0,20240610,20241214
539,0,0,0,0,0,0,0,20240610,20241214
540,0,0,0,0,0,0,0,20240610,20241214
541,0,0,0,0,0,0,0,20240610,20241214
542,0,0,0,0,0,0,0,20240610,20241214
543,0,0,0,0,0,0,0,20240610,20241214
544,0,0,0,0,0,0,0,20240610,20241214
545,0,0,0,0,0,0,0,20240610,20241214
546,0,0,0,0,0,0,0,20240610,20241214
547,0,0,0,0,0,0,0,20240610,20241214
548,0,0,0,0,0,0,0,20240610,20241214
549,0,0,0,0,0,0,0,20240610,20241214
550,0,0,0,0,0,0,0,20240610,20241214
551,0,0,0,0,0,0,0,20240610,20241214
552,0,0,0,0,0,0,0,20240610,20241214
553,0,0,0,0,0,0,0,20240610,20241214
554,0,0,0,0,0,0,0,20240610,20241214
555,0,0,0,0,0,0,0,20240610,20241214
556,0,0,0,0,0,0,0,20240610,20241214
557,0,0,0,0,0,0,0,20240610,20241214
558,0,0,0,0,0,0,0,20240610,20241214
559,0,0,0,0,0,0,0,20240610,20241214
560,0,0,0,0,0,0,0,20240610,20241214
561,0,0,0,0,0,0,0,20240610,20241214
562,0,0,0,0,0,0,0,20240610,20241214
563,0,0,0,0,0,0,0,20240610,20241214
564,0,0,0,0,0,0,0,20240610,20241214
565,0,0,0,0,0,0,0,20240610,20241214
566,0,0,0,0,0,0,0,20240610,20241214
567,0,0,0,0,0,0,0,20240610,20241214
568,0,0,0,0,0,0,0,20240610,20241214
569,0,0,0,0,0,0,0,20240610,20241214
570,0,0,0,0,0,0,0,20240610,20241214
571,0,0,0,0,0,0,0,20240610,20241214
572,0,0,0,0,0,0,0,20240610,20241214
573,0,0,0,0,0,0,0,20240610,20241214
574,0,0,0,0,0,0,0,20240610,20241214
575,0,0,0,0,0,0,0,20240610,20241214
576,0,0,0,0,0,0,0,20240610,20241214
577,0,0,0,0,0,0,0,20240610,20241214
578,0,0,0,0,0,0,0,20240610,20241214
579,0,0,0,0,0,0,0,20240610,20241214
580,0,0,0,0,0,0,0,20240610,20241214
581,0,0,0,0,0,0,0,20240610,20241214
582,0,0,0,0,0,0,0,20240610,20241214
583,0,0,0,0,0,0,0,20240610,20241214
584,0,0,0,0,0,0,0,20240610,20241214
585,0,0,0,0,0,0,0,20240610,20241214
586,0,0,0,0,0,0,0,20240610,20241214
587,0,0,0,0,0,0,0,20240610,20241214
588,0,0,0,0,0,0,0,20240610,20241214
589,0,0,0,0,0,0,0,20240610,20241214
590,0,0,0,0,0,0,0,20240610,20241214
591,0,0,0,0,0,0,0,20240610,20241214
592,0,0,0,0,0,0,0,20240610,20241214
593,0,0,0,0,0,0,0,20240610,20241214
594,0,0,0,0,0,0,0,20240610,20241214
595,0,0,0,0,0,0,0,20240610,20241214
596,0,0,0,0,0,0,0,20240610,20241214
597,0,0,0,0,0,0,0,20240610,20241214
598,0,0,0,0,0,0,0,20240610,20241214
599,0,0,0,0,0,0,0,20240610,20241214
600,0,0,0,0,0,0,0,20240610,20241214
601,0,0,0,0,0,0,0,20240610,20241214
602,0,0,0,0,0,0,0,20240610,20241214
603,0,0,0,0,0,0,0,20240610,20241214
604,0,0,0,0,0,0,0,20240610,20241214
605,0,0,0,0,0,0,0,20240610,20241214
606,0,0,0,0,0,0,0,20240610,20241214
607,1,1,1,1,1,1,0,20240610,20241214
608,1,1,1,1,1,1,0,20240610,20241214
609,1,1,1,1,1,1,1,20240610,20241214
610,1,1,1,1,1,1,0,20240610,20241214
611,1,1,1,1,1,0,0,20240610,20241214
612,1,1,1,1,1,0,1,20240610,20241214
613,1,1,1,1,1,1,1,20240610,20241214
614,1,1,1,1,0,0,1,20240610,20241214
615,1,1,1,1,1,0,0,20240610,20241214
616,0,0,0,0,0,0,0,20240610,20241214
617,1,1,1,1,1,0,0,20240610,20241214
618,0,0,0,0,0,1,1,20240610,20241214
619,1,1,1,1,1,0,0,20240610,20241214
620,1,1,1,1,1,1,1,20240610,20241214
621,1,1,1,1,1,1,0,20240610,20241214
622,1,1,1,1,1,1,1,20240610,20241214
623,0,0,0,0,0,0,0,20240610,20241214
624,0,0,0,0,0,0,0,20240610,20241214
625,0,0,0,0,0,1,0,20240610,20241214
626,0,0,0,0,0,0,0,20240610,20241214
627,0,0,0,0,0,0,0,20240610,20241214
628,1,1,1,1,1,1,1,20240610,20241214
629,0,0,0,0,0,0,0,20240610,20241214
630,1,1,1,1,1,1,1,20240610,20241214
631,1,1,1,1,1,0,0,20240610,20241214
632,0,0,0,0,0,0,0,20240610,20241214
633,1,1,1,1,1,1,0,20240610,20241214
634,0,0,0,0,0,0,0,20240610,20241214
635,0,0,0,0,0,1,1,20240610,20241214
636,0,0,0,0,0,0,0,20240610,20241214
637,1,1,1,1,1,0,0,20240610,20241214
638,0,0,0,0,0,0,0,20240610,20241214
639,0,1,1,0,1,0,0,20240610,20241214
640,0,0,0,0,0,0,0,20240610,20241214
641,0,0,0,0,0,1,1,20240610,20241214
642,1,1,1,1,1,1,1,20240610,20241214
643,1,1,1,1,1,1,1,20240610,20241214
644,0,0,0,0,0,0,0,20240610,20241214
645,0,0,0,0,0,0,0,20240610,20241214
646,0,0,0,0,0,0,0,20240610,20241214
647,0,0,0,0,0,0,0,20240610,20241214
648,1,1,1,1,1,0,0,20240610,20241214
649,1,1,1,1,1,1,1,20240610,20241214
650,1,1,1,1,1,1,0,20240610,20241214
651,0,0,0,0,0,0,0,20240610,20241214
652,0,0,0,0,0,0,1,20240610,20241214
653,1,1,1,0,1,0,0,20240610,20241214
654,1,1,1,1,1,1,0,20240610,20241214
655,0,1,1,1,1,1,1,20240610,20241214
656,0,0,0,0,0,0,0,20240610,20241214
657,0,0,0,0,0,1,1,20240610,20241214
658,1,1,1,1,1,1,0,20240610,20241214
659,0,0,0,0,0,0,0,20240610,20241214
660,1,1,1,1,1,1,1,20240610,20241214
661,0,0,0,0,0,0,0,20240610,20241214
662,0,0,0,0,0,0,0,20240610,20241214
663,1,1,1,1,1,1,0,20240610,20241214
664,1,1,1,1,1,1,1,20240610,20241214
665,0,0,0,0,1,1,0,20240610,20241214
666,0,0,0,0,0,0,0,20240610,20241214
667,0,0,0,0,0,0,0,20240610,20241214
668,1,1,1,1,1,1,1,20240610,20241214
669,0,0,0,0,0,0,0,20240610,20241214
670,0,0,0,0,0,0,0,20240610,20241214
671,0,0,0,0,0,0,0,20240610,20241214
672,0,0,0,0,0,0,0,20240610,20241214
673,1,1,1,1,1,0,0,20240610,20241214
674,0,0,0,0,0,0,0,20240610,20241214
675,1,1,1,1,0,0,0,20240610,20241214
676,0,0,0,0,0,0,0,20240610,20241214
677,1,1,1,1,1,1,1,20240610,20241214
678,0,0,0,0,0,0,0,20240610,20241214
679,1,1,1,1,0,0,0,20240610,20241214
680,1,1,1,1,1,0,0,20240610,20241214
681,0,0,0,0,0,0,0,20240610,20241214
682,1,1,1,1,1,1,1,20240610,20241214
683,1,1,1,1,1,0,0,20240610,20241214
684,0,0,0,0,0,0,0,20240610,20241214
685,0,0,0,0,0,0,0,20240610,20241214
686,0,0,0,0,0,0,0,20240610,20241214
687,0,0,0,0,0,0,0,20240610,20241214
688,0,0,0,0,0,0,0,20240610,20241214
689,0,0,0,0,0,1,0,20240610,20241214
690,1,1,1,1,0,0,1,20240610,20241214
691,1,1,1,1,1,1,1,20240610,20241214
692,0,0,0,0,0,0,0,20240610,20241214
693,0,0,0,0,0,0,0,20240610,20241214
694,0,0,0,0,0,0,0,20240610,20241214
695,1,1,1,1,1,0,0,20240610,20241214
696,1,1,1,1,1,0,0,20240610,20241214
697,0,0,0,0,0,1,1,20240610,20241214
698,0,0,0,0,0,0,1,20240610,20241214
699,1,1,1,1,1,1,0,20240610,20241214
700,0,0,0,0,1,0,0,20240610,20241214
701,1,1,1,1,0,1,1,20240610,20241214
702,1,1,1,1,0,0,0,20240610,20241214
703,0,0,0,0,1,1,1,20240610,20241214
704,1,1,1,1,1,0,1,20240610,20241214
705,0,0,0,0,1,1,0,20240610,20241214
706,1,1,1,1,1,0,1,20240610,20241214
707,0,0,0,0,0,0,0,20240610,20241214
708,0,0,0,0,0,0,0,20240610,20241214
709,0,0,0,0,0,0,0,20240610,20241214
710,0,0,0,0,0,0,0,20240610,20241214
711,0,0,0,0,0,0,0,20240610,20241214
712,0,0,0,0,0,0,0,20240610,20241214
713,0,0,0,0,0,0,0,20240610,20241214
714,1,1,1,1,1,0,0,20240610,20241214
715,1,1,1,1,1,1,1,20240610,20241214
716,1,1,1,1,1,1,1,20240610,20241214
717,0,0,0,0,0,1,1,20240610,20241214
718,0,0,0,0,0,0,0,20240610,20241214
719,1,1,1,1,1,1,0,20240610,20241214
720,1,1,1,1,1,1,1,20240610,20241214
721,1,1,1,1,1,1,1,20240610,20241214
722,1,1,1,1,1,1,1,20240610,20241214
723,1,1,1,1,1,1,1,20240610,20241214
724,1,1,1,1,1,1,1,20240610,20241214
725,0,0,0,0,0,0,0,20240610,20241214
726,0,0,0,0,0,1,1,20240610,20241214
727,1,1,1,1,1,0,0,20240610,20241214
728,0,0,0,0,0,1,1,20240610,20241214
729,1,1,1,1,1,0,0,20240610,20241214
730,0,0,0,0,0,1,1,20240610,20241214
731,1,1,1,1,1,1,1,20240610,20241214
732,1,1,1,1,1,1,1,20240610,20241214
733,1,1,1,1,1,0,0,20240610,20241214
734,1,1,1,1,1,1,1,20240610,20241214
735,0,0,0,0,0,1,1,20240610,20241214
736,0,0,0,0,0,1,1,20240610,20241214
737,0,0,0,0,0,0,0,20240610,20241214
738,0,0,0,0,0,0,0,20240610,20241214
739,1,1,1,1,1,1,1,20240610,20241214
740,1,1,1,1,1,1,1,20240610,20241214
741,1,1,1,1,1,1,1,20240610,20241214
742,1,1,1,1,1,1,1,20240610,20241214
743,1,1,1,1,1,1,1,20240610,20241214
744,1,1,1,1,1,0,0,20240610,20241214
745,1,1,1,1,1,1,0,20240610,20241214
746,1,1,1,1,1,1,1,20240610,20241214
747,1,1,1,1,1,1,1,20240610,20241214
748,0,0,0,0,0,0,0,20240610,20241214
749,1,1,1,1,1,0,0,20240610,20241214
750,0,0,0,0,0,1,1,20240610,20241214
751,0,0,0,0,0,1,0,20240610,20241214
752,1,1,1,1,1,0,1,20240610,20241214
753,1,1,1,1,1,1,1,20240610,20241214
754,0,0,0,0,0,0,0,20240610,20241214
755,1,1,1,1,1,1,1,20240610,20241214
756,1,1,1,1,1,1,1,20240610,20241214
757,0,0,0,0,0,0,0,20240610,20241214
758,0,0,0,0,0,0,0,20240610,20241214
759,0,0,0,0,0,1,1,20240610,20241214
760,0,0,0,0,0,0,0,20240610,20241214
761,0,0,0,0,0,0,1,20240610,20241214
762,1,1,1,1,1,1,0,20240610,20241214
763,0,0,0,0,0,0,1,20240610,20241214
764,0,0,0,0,0,0,0,20240610,20241214
765,0,0,0,0,0,0,0,20240610,20241214
766,0,0,0,0,0,0,0,20240610,20241214
767,0,0,0,0,0,0,0,20240610,20241214
768,0,0,0,0,0,0,0,20240610,20241214
769,0,0,0,0,0,0,0,20240610,20241214
770,1,1,1,1,1,0,1,20240610,20241214
771,1,1,1,1,1,1,1,20240610,20241214
772,1,1,1,1,1,1,1,20240610,20241214
773,1,1,1,1,1,0,0,20240610,20241214
774,1,1,1,1,1,1,1,20240610,20241214
775,0,0,0,0,0,0,1,20240610,20241214
776,1,1,1,1,1,1,1,20240610,20241214
777,0,0,0,0,0,1,0,20240610,20241214
778,1,1,1,1,1,1,1,20240610,20241214
779,1,1,1,1,1,1,1,20240610,20241214
780,0,0,0,0,0,1,1,20240610,20241214
781,1,1,1,1,1,0,0,20240610,20241214
782,1,1,1,1,1,0,1,20240610,20241214
783,0,0,0,0,0,1,0,20240610,20241214
784,0,0,0,0,0,0,0,20240610,20241214
785,0,0,0,0,0,1,0,20240610,20241214
786,1,1,1,1,1,1,1,20240610,20241214
787,1,1,1,1,1,1,1,20240610,20241214
788,1,1,1,1,1,0,1,20240610,20241214
789,0,0,0,0,0,0,0,20240610,20241214
790,0,0,0,0,0,0,0,20240610,20241214
791,1,1,1,1,1,1,0,20240610,20241214
792,0,0,0,0,0,0,0,20240610,20241214
793,0,0,0,0,0,1,0,20240610,20241214
794,1,1,1,1,1,1,0,20240610,20241214
795,0,0,0,0,0,0,0,20240610,20241214
796,1,1,1,1,1,0,1,20240610,20241214
797,0,0,0,0,0,1,0,20240610,20241214
798,0,0,0,0,0,0,0,20240610,20241214
799,0,0,0,0,0,0,0,20240610,20241214
800,1,1,1,1,1,0,0,20240610,20241214
801,1,1,1,1,1,0,0,20240610,20241214
802,0,0,0,0,0,0,0,20240610,20241214
803,0,0,0,0,0,0,1,20240610,20241214
804,0,0,0,0,0,1,0,20240610,20241214
805,0,0,0,0,1,0,0,20240610,20241214
806,1,1,1,1,1,0,0,20240610,20241214
807,0,0,0,0,0,1,0,20240610,20241214
808,0,0,0,0,0,0,1,20240610,20241214
809,1,1,1,1,1,1,1,20240610,20241214
810,0,0,0,0,0,0,0,20240610,20241214
811,0,0,0,0,0,0,0,20240610,20241214
812,0,0,0,0,0,0,0,20240610,20241214
813,0,0,0,0,0,0,0,20240610,20241214
814,0,0,0,0,0,0,0,20240610,20241214
815,0,0,0,0,0,0,0,20240610,20241214
816,0,0,0,0,0,0,0,20240610,20241214
817,0,0,0,0,0,0,0,20240610,20241214
818,0,0,0,0,0,0,0,20240610,20241214
819,0,0,0,0,0,1,0,20240610,20241214
820,0,0,0,0,0,0,0,20240610,20241214
821,0,0,0,0,0,0,0,20240610,20241214
822,0,0,0,0,0,0,0,20240610,20241214
823,0,0,0,0,0,0,0,20240610,20241214
824,0,0,0,0,0,0,0,20240610,20241214
825,1,1,1,1,1,0,0,20240610,20241214
826,0,0,0,0,0,0,0,20240610,20241214
827,0,0,0,0,0,0,1,20240610,20241214
828,0,0,0,0,1,1,1,20240610,20241214
829,0,0,0,0,1,1,1,20240610,20241214
830,1,1,1,1,1,1,1,20240610,20241214
831,0,0,0,0,0,0,0,20240610,20241214
832,1,1,1,1,1,0,0,20240610,20241214
833,1,1,1,1,1,0,0,20240610,20241214
834,1,1,1,1,0,0,0,20240610,20241214
835,1,1,1,1,0,0,0,20240610,20241214
836,0,0,0,0,0,0,0,20240610,20241214
837,0,0,0,0,0,1,0,20240610,20241214
838,0,0,0,0,0,0,0,20240610,20241214
839,0,0,0,0,0,0,1,20240610,20241214
840,1,1,1,1,0,0,0,20240610,20241214
841,0,0,0,0,0,1,0,20240610,20241214
842,0,0,0,0,1,0,1,20240610,20241214
843,0,0,0,0,0,0,0,20240610,20241214
844,0,0,0,0,0,0,0,20240610,20241214
845,0,0,0,0,0,0,0,20240610,20241214
846,1,1,1,1,1,1,1,20240610,20241214
847,0,1,1,1,1,0,0,20240610,20241214
848,0,0,0,0,0,0,0,20240610,20241214
849,1,1,1,1,1,1,1,20240610,20241214
850,0,0,0,0,0,1,1,20240610,20241214
851,0,0,0,0,0,0,0,20240610,20241214
852,0,0,0,0,0,0,0,20240610,20241214
853,1,1,1,1,0,0,0,20240610,20241214
854,0,0,0,0,1,1,1,20240610,20241214
855,0,0,0,0,0,1,0,20240610,20241214
856,0,0,0,0,0,1,0,20240610,20241214
857,0,0,0,0,0,0,0,20240610,20241214
858,0,0,0,0,0,0,0,20240610,20241214
859,0,0,0,0,0,0,0,20240610,20241214
860,0,0,0,0,0,1,0,20240610,20241214
861,0,0,0,0,1,0,1,20240610,20241214
862,0,0,0,0,0,0,0,20240610,20241214
863,0,0,0,0,0,0,0,20240610,20241214
864,0,0,0,0,0,0,0,20240610,20241214
865,0,0,0,0,0,0,0,20240610,20241214
866,0,0,0,0,0,0,0,20240610,20241214
867,0,0,0,0,0,0,0,20240610,20241214
868,0,0,0,0,0,0,0,20240610,20241214
869,0,0,0,0,0,0,0,20240610,20241214
870,0,0,0,0,0,0,0,20240610,20241214
871,1,1,1,1,1,1,0,20240610,20241214
872,1,1,1,1,1,1,1,20240610,20241214
873,0,0,0,0,0,0,0,20240610,20241214
874,1,1,1,1,1,1,1,20240610,20241214
875,0,0,0,0,0,0,0,20240610,20241214
876,0,0,0,0,0,0,0,20240610,20241214
877,0,0,0,0,0,0,0,20240610,20241214
878,0,0,0,0,0,0,0,20240610,20241214
879,0,0,0,0,1,0,0,20240610,20241214
880,1,1,1,1,0,0,0,20240610,20241214
881,0,0,0,0,0,0,0,20240610,20241214
882,1,1,1,1,1,0,0,20240610,20241214
883,0,0,0,0,0,0,0,20240610,20241214
884,1,1,1,1,1,0,0,20240610,20241214
885,0,0,0,0,0,0,0,20240610,20241214
886,0,0,0,0,0,0,0,20240610,20241214
887,0,0,0,0,0,0,0,20240610,20241214
888,0,0,0,0,0,0,0,20240610,20241214
889,0,0,0,0,0,0,0,20240610,20241214
890,0,0,0,0,0,0,0,20240610,20241214
891,0,0,0,0,0,0,0,20240610,20241214
892,0,0,0,0,0,0,0,20240610,20241214
893,0,0,0,0,0,0,0,20240610,20241214
894,0,0,0,0,0,0,0,20240610,20241214
895,0,0,0,0,0,0,0,20240610,20241214
896,0,0,0,0,0,0,0,20240610,20241214
897,0,0,0,0,0,0,0,20240610,20241214
898,1,1,1,1,1,1,1,20240610,20241214
899,1,1,1,1,1,1,1,20240610,20241214
900,1,1,1,1,1,1,1,20240610,20241214
901,1,1,1,1,1,1,1,20240610,20241214
902,0,0,0,0,0,0,0,20240610,20241214
903,1,1,1,1,1,1,1,20240610,20241214
904,1,1,1,1,1,1,1,20240610,20241214
905,0,0,0,0,0,0,0,20240610,20241214
906,0,0,0,0,0,0,0,20240610,20241214
907,0,0,0,0,0,0,0,20240610,20241214
908,0,0,0,0,0,1,1,20240610,20241214
909,0,0,0,0,0,0,0,20240610,20241214
910,0,0,0,0,0,1,0,20240610,20241214
911,0,0,0,0,0,0,0,20240610,20241214
912,0,0,0,0,0,0,0,20240610,20241214
913,0,0,0,0,0,0,0,20240610,20241214
914,1,1,1,1,1,0,0,20240610,20241214
915,0,0,0,0,0,0,0,20240610,20241214
916,1,1,1,1,0,1,1,20240610,20241214
917,1,1,1,1,1,1,1,20240610,20241214
918,1,1,1,1,1,1,1,20240610,20241214
919,0,0,0,0,0,0,0,20240610,20241214
920,0,0,0,0,0,0,0,20240610,20241214
921,0,0,0,0,0,0,0,20240610,20241214
922,1,1,1,1,1,1,0,20240610,20241214
923,0,0,0,0,0,0,0,20240610,20241214
924,1,1,1,1,1,0,0,20240610,20241214
925,0,0,0,0,0,0,1,20240610,20241214
926,0,0,0,0,0,0,0,20240610,20241214
927,1,1,1,1,1,0,0,20240610,20241214
928,0,0,0,0,0,0,0,20240610,20241214
929,1,1,1,1,1,0,1,20240610,20241214
930,0,0,0,0,0,0,0,20240610,20241214
931,0,0,0,0,0,0,0,20240610,20241214
932,0,0,0,0,0,0,0,20240610,20241214
933,0,0,0,0,0,0,0,20240610,20241214
934,0,0,0,0,0,0,0,20240610,20241214
935,0,0,0,0,0,0,0,20240610,20241214
936,0,0,0,0,0,0,0,20240610,20241214
937,0,0,0,0,0,0,0,20240610,20241214
938,0,0,0,0,0,0,0,20240610,20241214
939,0,0,0,0,0,0,0,20240610,20241214
940,0,0,0,0,0,0,0,20240610,20241214
941,0,0,0,0,0,0,0,20240610,20241214
942,0,0,0,0,0,0,0,20240610,20241214
943,0,0,0,0,0,0,0,20240610,20241214
944,0,0,0,0,0,0,0,20240610,20241214
945,0,0,0,0,0,0,0,20240610,20241214
946,0,0,0,0,0,0,0,20240610,20241214
947,0,0,0,0,0,0,0,20240610,20241214
948,1,1,1,1,1,1,1,20240610,20241214
949,0,0,0,0,0,0,0,20240610,20241214
950,1,1,1,1,1,1,1,20240610,20241214
951,1,1,1,1,1,0,0,20240610,20241214
952,1,1,1,1,1,1,0,20240610,20241214
953,1,1,1,1,1,1,1,20240610,20241214
954,1,1,1,1,1,1,1,20240610,20241214
955,1,1,1,1,1,1,1,20240610,20241214
956,1,1,1,1,1,1,1,20240610,20241214
957,1,1,1,1,1,1,1,20240610,20241214
958,1,1,1,1,1,1,1,20240610,20241214
959,0,0,0,0,0,0,0,20240610,20241214
960,0,0,0,0,0,0,0,20240610,20241214
961,0,0,0,0,0,0,0,20240610,20241214
962,0,0,0,0,0,0,0,20240610,20241214
963,0,0,0,0,0,0,0,20240610,20241214
964,1,1,1,1,1,1,1,20240610,20241214
965,1,1,1,1,1,0,0,20240610,20241214
966,1,1,1,1,1,1,1,20240610,20241214
967,0,0,0,0,0,0,0,20240610,20241214
968,0,0,0,0,0,0,0,20240610,20241214
969,1,1,1,1,1,0,0,20240610,20241214
970,0,0,0,0,0,0,0,20240610,20241214
971,0,0,0,0,0,1,1,20240610,20241214
972,1,1,1,1,1,1,1,20240610,20241214
973,1,1,1,1,1,1,1,20240610,20241214
974,1,1,1,1,1,1,1,20240610,20241214
975,1,1,1,1,1,1,1,20240610,20241214
976,1,1,1,1,1,1,1,20240610,20241214
977,1,1,1,1,1,1,1,20240610,20241214
978,1,1,1,1,1,0,0,20240610,20241214
979,1,1,1,1,1,0,0,20240610,20241214
980,0,0,0,0,1,0,0,20240610,20241214
981,1,1,1,1,0,0,0,20240610,20241214
982,1,1,1,1,1,1,1,20240610,20241214
983,1,1,1,1,1,1,0,20240610,20241214
984,1,1,1,1,1,1,1,20240610,20241214
985,1,1,1,1,1,1,1,20240610,20241214
986,1,1,1,1,1,1,1,20240610,20241214
987,0,0,0,0,0,0,0,20240610,20241214
988,1,1,1,1,1,0,0,20240610,20241214
989,0,0,0,0,1,0,0,20240610,20241214
990,0,0,0,0,0,0,0,20240610,20241214
991,1,1,1,1,0,0,0,20240610,20241214
992,0,0,0,0,0,0,0,20240610,20241214
993,0,0,0,0,0,0,0,20240610,20241214
994,0,0,0,0,0,0,0,20240610,20241214
995,1,1,1,1,1,0,0,20240610,20241214
996,0,0,0,0,0,1,1,20240610,20241214
997,1,1,1,1,1,1,1,20240610,20241214
998,1,1,1,1,1,1,1,20240610,20241214
999,1,1,1,1,1,1,1,20240610,20241214
1000,1,1,1,1,1,1,1,20240610,20241214
1001,1,1,1,1,1,1,1,20240610,20241214
1002,1,1,1,1,1,1,1,20240610,20241214
1003,1,1,1,1,1,1,0,20240610,20241214
1004,1,1,1,1,1,1,1,20240610,20241214
1005,1,1,1,1,1,1,1,20240610,20241214
1006,1,1,1,1,0,1,1,20240610,20241214
1007,0,0,0,0,1,0,0,20240610,20241214
1008,0,0,0,0,0,1,1,20240610,20241214
1009,1,1,1,1,1,0,0,20240610,20241214
1010,0,0,0,0,1,1,1,20240610,20241214
1011,1,1,1,1,0,0,0,20240610,20241214
1012,1,1,1,1,1,1,1,20240610,20241214
1013,1,1,1,1,1,1,1,20240610,20241214
1014,0,0,0,0,0,0,0,20240610,20241214
1015,0,0,0,0,0,0,0,20240610,20241214
1016,0,0,0,0,0,0,0,20240610,20241214
1017,1,1,1,1,1,1,0,20240610,20241214
1018,1,1,1,1,1,1,0,20240610,20241214
1019,1,1,1,1,1,1,1,20240610,20241214
1020,1,1,1,1,1,1,1,20240610,20241214
1021,0,0,0,0,0,0,0,20240610,20241214
1022,0,0,0,0,0,0,0,20240610,20241214
1023,0,0,0,0,0,0,0,20240610,20241214
1024,0,0,0,0,0,0,0,20240610,20241214
1025,1,1,1,1,1,1,1,20240610,20241214
1026,0,0,0,0,0,0,0,20240610,20241214
1027,0,0,0,0,0,0,0,20240610,20241214
1028,1,1,1,1,1,0,0,20240610,20241214
1029,0,0,0,0,0,0,0,20240610,20241214
1030,0,0,0,0,0,0,0,20240610,20241214
1031,0,0,0,0,0,0,0,20240610,20241214
1032,0,0,0,0,0,0,0,20240610,20241214
1033,1,1,1,1,1,1,0,20240610,20241214
1034,1,1,1,1,1,1,0,20240610,20241214
1035,0,0,0,0,0,0,0,20240610,20241214
1036,1,1,1,1,1,1,1,20240610,20241214
1037,1,1,1,1,1,1,1,20240610,20241214
1038,1,1,1,1,1,1,1,20240610,20241214
1039,1,1,1,1,1,1,1,20240610,20241214
1040,0,0,0,0,0,0,0,20240610,20241214
1041,0,0,0,0,0,0,0,20240610,20241214
1042,0,0,0,0,0,0,0,20240610,20241214
1043,1,1,1,1,1,0,0,20240610,20241214
1044,0,0,0,0,0,0,0,20240610,20241214
1045,0,0,0,0,0,0,0,20240610,20241214
1046,1,1,1,1,1,0,0,20240610,20241214
1047,1,1,1,1,1,0,0,20240610,20241214
1048,0,0,0,0,0,0,0,20240610,20241214
1049,0,0,0,0,0,0,0,20240610,20241214
1050,0,0,0,0,0,0,0,20240610,20241214
1051,0,0,0,0,0,0,0,20240610,20241214
1052,0,0,0,0,0,0,0,20240610,20241214
1053,0,0,0,0,0,0,0,20240610,20241214
1054,0,0,0,0,0,0,0,20240610,20241214
1055,1,1,1,1,1,1,1,20240610,20241214
1056,1,1,1,1,1,1,1,20240610,20241214
1057,1,1,1,1,1,0,0,20240610,20241214
1058,1,1,1,1,1,1,0,20240610,20241214
1059,1,1,1,1,1,1,1,20240610,20241214
1060,1,1,1,1,1,1,1,20240610,20241214
1061,1,1,1,1,1,1,1,20240610,20241214
1062,0,0,0,0,0,0,0,20240610,20241214
1063,1,1,1,1,1,1,1,20240610,20241214
1064,0,0,0,0,0,0,0,20240610,20241214
1065,0,0,0,0,0,0,0,20240610,20241214
1066,0,0,0,0,0,0,0,20240610,20241214
1067,1,1,1,1,1,1,1,20240610,20241214
1068,1,1,1,1,1,1,1,20240610,20241214
1069,1,1,1,1,1,1,1,20240610,20241214
1070,0,0,0,0,0,1,1,20240610,20241214
1071,0,0,0,0,0,0,0,20240610,20241214
1072,0,0,0,0,0,0,0,20240610,20241214
1073,1,1,1,1,1,1,1,20240610,20241214
1074,0,0,0,0,0,1,1,20240610,20241214
1075,1,1,1,1,1,1,1,20240610,20241214
1076,1,1,1,1,1,0,0,20240610,20241214
1077,0,0,0,0,0,1,1,20240610,20241214
1078,1,1,1,1,1,1,1,20240610,20241214
1079,1,1,1,1,1,1,1,20240610,20241214
1080,1,1,1,1,1,0,0,20240610,20241214
1081,0,0,0,0,0,0,0,20240610,20241214
1082,0,0,0,0,0,1,1,20240610,20241214
1083,0,0,0,0,0,1,1,20240610,20241214
1084,1,1,1,1,0,1,0,20240610,20241214
1085,1,1,1,1,0,0,0,20240610,20241214
1086,0,0,0,0,1,0,0,20240610,20241214
1087,1,1,1,1,0,0,1,20240610,20241214
1088,1,1,1,1,1,1,1,20240610,20241214
1089,0,0,0,0,0,0,0,20240610,20241214
1090,1,1,1,1,1,0,0,20240610,20241214
1091,0,0,0,0,0,1,1,20240610,20241214
1092,0,0,0,0,0,1,1,20240610,20241214
1093,0,0,0,0,0,0,0,20240610,20241214
1094,1,1,1,1,1,1,1,20240610,20241214
1095,0,0,0,0,0,0,0,20240610,20241214
1096,0,0,0,0,0,0,0,20240610,20241214
1097,0,0,0,0,0,0,0,20240610,20241214
1098,1,1,1,1,1,1,1,20240610,20241214
1099,0,0,0,0,0,0,1,20240610,20241214
1100,0,1,1,1,0,0,0,20240610,20241214
1101,0,0,0,0,0,0,0,20240610,20241214
1102,0,0,0,0,0,0,1,20240610,20241214
1103,0,0,0,0,0,0,0,20240610,20241214
1104,0,0,0,0,0,0,0,20240610,20241214
1105,0,0,0,0,0,0,0,20240610,20241214
1106,0,0,0,0,0,0,0,20240610,20241214
1107,0,0,0,0,0,0,0,20240610,20241214
1108,0,0,0,0,0,0,0,20240610,20241214
1109,0,0,0,0,0,0,0,20240610,20241214
1110,0,0,0,0,0,0,0,20240610,20241214
1111,0,0,0,0,0,0,0,20240610,20241214
1112,0,0,0,0,0,0,0,20240610,20241214
1113,0,0,0,0,0,0,0,20240610,20241214
1114,0,0,0,0,0,0,0,20240610,20241214
1115,0,0,0,0,0,0,0,20240610,20241214
1116,0,0,0,0,0,0,0,20240610,20241214
1117,0,0,0,0,0,0,0,20240610,20241214
1118,0,0,0,0,0,0,0,20240610,20241214
1119,0,0,0,0,0,0,0,20240610,20241214
1120,0,0,0,0,0,0,0,20240610,20241214
1121,0,0,0,0,0,0,0,20240610,20241214
1122,0,0,0,0,0,0,0,20240610,20241214
1123,0,0,0,0,0,0,0,20240610,20241214
1124,0,0,0,0,0,0,0,20240610,20241214
1125,0,0,0,0,0,0,0,20240610,20241214
1126,0,0,0,0,0,0,0,20240610,20241214
1127,0,0,0,0,0,0,0,20240610,20241214
1128,0,0,0,0,0,0,0,20240610,20241214
1129,0,0,0,0,0,1,1,20240610,20241214
1130,0,0,0,0,0,0,0,20240610,20241214
1131,0,0,0,0,0,0,0,20240610,20241214
1132,0,0,0,0,0,0,0,20240610,20241214
1133,0,0,0,0,0,0,0,20240610,20241214
1134,0,0,0,0,0,1,0,20240610,20241214
1135,0,0,0,0,0,0,1,20240610,20241214
1136,0,0,0,0,0,1,0,20240610,20241214
1137,0,0,0,0,0,0,0,20240610,20241214
1138,0,0,0,0,0,0,0,20240610,20241214
1139,0,0,0,0,0,0,0,20240610,20241214
1140,0,0,0,0,0,0,0,20240610,20241214
1141,0,0,0,0,0,0,0,20240610,20241214
1142,0,0,0,0,0,0,0,20240610,20241214
1143,0,0,0,0,0,0,0,20240610,20241214
1144,0,0,0,0,0,0,0,20240610,20241214
1145,0,0,0,0,0,0,1,20240610,20241214
1146,0,0,0,0,0,0,0,20240610,20241214
1147,0,0,0,0,0,0,0,20240610,20241214
1148,0,0,0,0,0,0,0,20240610,20241214
1149,0,0,0,0,0,0,0,20240610,20241214
1150,0,0,0,0,0,0,0,20240610,20241214
1151,0,0,0,0,0,0,0,20240610,20241214
1152,0,0,0,0,0,0,0,20240610,20241214
1153,0,0,0,0,0,0,0,20240610,20241214
1154,0,0,0,0,0,0,0,20240610,20241214
1155,1,1,1,1,0,0,0,20240610,20241214
1156,0,0,0,0,0,0,0,20240610,20241214
1157,1,1,1,1,1,0,0,20240610,20241214
1158,1,0,0,1,1,0,0,20240610,20241214
1159,0,1,1,1,0,0,0,20240610,20241214
1160,0,0,0,0,1,0,0,20240610,20241214
1161,1,1,0,0,0,0,1,20240610,20241214
1162,1,0,0,0,0,0,0,20240610,20241214
1163,0,1,0,0,0,0,0,20240610,20241214
1164,0,0,0,0,1,0,0,20240610,20241214
1165,0,0,1,0,0,0,0,20240610,20241214
1166,1,1,1,1,1,0,0,20240610,20241214
1167,1,0,1,1,1,0,0,20240610,20241214
1168,1,0,1,1,0,0,0,20240610,20241214
1169,1,1,0,1,0,0,0,20240610,20241214
1170,1,1,1,1,1,1,0,20240610,20241214
1171,0,0,0,0,0,0,0,20240610,20241214
1172,0,0,0,0,0,0,0,20240610,20241214
1173,0,0,0,0,1,1,0,20240610,20241214
1174,0,0,0,0,0,0,0,20240610,20241214
1175,1,1,1,1,1,1,1,20240610,20241214
1176,0,0,0,0,0,0,0,20240610,20241214
1177,0,0,0,0,0,0,0,20240610,20241214
1178,0,0,0,0,0,0,0,20240610,20241214
1179,0,0,0,0,0,0,0,20240610,20241214
1180,0,0,0,0,0,0,0,20240610,20241214
1181,0,0,0,0,0,0,0,20240610,20241214
1182,0,0,0,0,0,0,0,20240610,20241214
1183,0,0,0,0,0,0,0,20240610,20241214
1184,0,0,0,0,0,0,0,20240610,20241214
1185,1,1,1,1,1,0,1,20240610,20241214
1186,0,0,0,0,0,0,0,20240610,20241214
1187,0,0,0,0,0,1,0,20240610,20241214
1188,0,1,1,0,1,0,0,20240610,20241214
1189,1,0,0,1,0,0,0,20240610,20241214
1190,0,1,0,1,0,0,0,20240610,20241214
1191,0,0,0,0,0,0,0,20240610,20241214
1192,0,0,0,0,1,1,0,20240610,20241214
1193,0,0,0,0,0,1,1,20240610,20241214
1194,1,1,1,1,0,0,0,20240610,20241214
1195,1,1,0,0,0,0,1,20240610,20241214
1196,0,0,0,0,0,0,0,20240610,20241214
1197,0,0,0,0,0,1,1,20240610,20241214
1198,0,0,1,1,0,0,0,20240610,20241214
1199,0,1,1,0,0,0,0,20240610,20241214
1200,1,1,1,1,1,1,0,20240610,20241214
1201,0,0,0,0,0,0,1,20240610,20241214
1202,1,0,1,0,0,0,0,20240610,20241214
1203,0,0,0,0,0,0,0,20240610,20241214
1204,1,1,1,1,1,0,0,20240610,20241214
1205,0,0,0,0,0,0,0,20240610,20241214
1206,0,0,0,0,0,0,0,20240610,20241214
1207,1,1,1,1,1,1,1,20240610,20241214
1208,0,0,0,0,0,1,0,20240610,20241214
1209,0,0,0,0,0,1,1,20240610,20241214
1210,1,0,1,0,1,0,0,20240610,20241214
1211,0,0,0,0,0,0,0,20240610,20241214
1212,1,1,1,1,1,0,1,20240610,20241214
1213,0,0,0,0,0,0,0,20240610,20241214
1214,1,1,1,1,1,0,0,20240610,20241214
1215,0,1,0,0,1,0,0,20240610,20241214
1216,0,0,1,0,1,0,0,20240610,20241214
1217,0,0,0,0,0,0,0,20240610,20241214
1218,0,0,0,0,0,0,0,20240610,20241214
1219,0,0,0,0,0,0,0,20240610,20241214
1220,0,0,0,0,0,0,0,20240610,20241214
1221,0,0,0,0,0,0,0,20240610,20241214
1222,0,0,0,0,0,0,0,20240610,20241214
1223,0,1,1,0,1,0,0,20240610,20241214
1224,0,0,0,0,1,0,0,20240610,20241214
1225,1,1,1,1,1,1,0,20240610,20241214
1226,0,0,0,0,1,0,0,20240610,20241214
1227,0,0,0,0,0,1,0,20240610,20241214
1228,0,0,0,0,0,0,0,20240610,20241214
1229,1,1,1,1,1,1,0,20240610,20241214
1230,1,1,1,1,1,1,0,20240610,20241214
1231,0,0,0,0,0,0,0,20240610,20241214
1232,0,0,0,0,0,0,0,20240610,20241214
1233,0,0,0,0,0,0,0,20240610,20241214
1234,1,0,1,0,1,0,0,20240610,20241214
1235,0,0,0,0,0,0,0,20240610,20241214
1236,0,0,0,0,0,0,0,20240610,20241214
1237,0,0,0,0,0,0,0,20240610,20241214
1238,0,0,0,0,0,0,0,20240610,20241214
1239,1,1,1,1,1,0,0,20240610,20241214
1240,0,0,0,0,0,0,0,20240610,20241214
1241,1,1,1,1,1,0,0,20240610,20241214
1242,0,1,1,1,1,0,0,20240610,20241214
1243,1,1,1,1,1,1,0,20240610,20241214
1244,1,1,1,1,1,1,1,20240610,20241214
1245,1,1,1,1,1,1,1,20240610,20241214
1246,1,1,1,1,0,1,1,20240610,20241214
1247,1,1,1,1,1,1,1,20240610,20241214
1248,1,1,1,1,1,1,1,20240610,20241214
1249,0,0,0,0,0,0,0,20240610,20241214
1250,1,1,1,1,1,1,1,20240610,20241214
1251,1,1,1,1,1,1,1,20240610,20241214
1252,0,0,0,0,0,1,1,20240610,20241214
1253,1,1,1,1,1,1,1,20240610,20241214
1254,1,1,1,1,1,1,1,20240610,20241214
1255,1,1,1,1,1,1,1,20240610,20241214
1256,0,1,0,0,0,0,0,20240610,20241214
1257,0,1,1,1,0,0,0,20240610,20241214
1258,0,0,0,0,0,0,0,20240610,20241214
1259,0,0,0,1,0,0,0,20240610,20241214
1260,0,0,1,0,0,0,0,20240610,20241214
1261,0,1,0,0,0,0,0,20240610,20241214
1262,1,0,0,0,0,0,0,20240610,20241214
1263,1,1,1,0,0,0,0,20240610,20241214
1264,0,0,0,0,0,0,0,20240610,20241214
1265,0,0,0,0,0,0,0,20240610,20241214
1266,0,0,0,0,0,0,0,20240610,20241214
1267,1,1,1,1,0,0,0,20240610,20241214
1268,0,0,0,0,0,0,0,20240610,20241214
1269,1,1,1,1,1,0,0,20240610,20241214
1270,1,1,1,1,1,0,0,20240610,20241214
1271,0,0,0,0,0,0,0,20240610,20241214
1272,0,0,0,0,0,0,1,20240610,20241214
1273,0,0,0,0,0,1,0,20240610,20241214
1274,0,1,0,0,1,0,0,20240610,20241214
1275,1,0,1,1,0,0,0,20240610,20241214
1276,1,1,1,1,1,1,0,20240610,20241214
1277,1,1,1,1,1,1,1,20240610,20241214
1278,1,1,1,1,1,1,0,20240610,20241214
1279,0,0,0,0,0,1,1,20240610,20241214
1280,0,0,0,0,0,0,0,20240610,20241214
1281,0,0,0,0,0,0,0,20240610,20241214
1282,0,0,0,0,0,0,0,20240610,20241214
1283,0,0,0,0,0,0,0,20240610,20241214
1284,0,0,0,0,0,0,0,20240610,20241214
1285,0,0,0,0,0,0,0,20240610,20241214
1286,1,1,1,0,1,0,0,20240610,20241214
1287,0,0,0,0,0,0,0,20240610,20241214
1288,0,0,0,0,0,0,0,20240610,20241214
1289,0,0,0,0,0,0,0,20240610,20241214
1290,0,0,0,0,0,0,0,20240610,20241214
1291,0,0,0,0,0,0,0,20240610,20241214
1292,1,0,0,0,1,0,0,20240610,20241214
1293,0,0,0,0,0,1,0,20240610,20241214
1294,0,0,0,0,0,0,1,20240610,20241214
1295,0,0,0,0,0,0,0,20240610,20241214
1296,0,0,0,0,0,0,0,20240610,20241214
1297,1,1,1,1,1,0,1,20240610,20241214
1298,0,0,0,0,0,1,1,20240610,20241214
1299,0,0,0,0,0,0,0,20240610,20241214
1300,0,0,0,0,0,0,0,20240610,20241214
1301,0,0,0,0,0,0,0,20240610,20241214
1302,0,0,0,0,0,0,1,20240610,20241214
1303,1,1,1,1,1,1,0,20240610,20241214
1304,1,1,1,1,1,0,1,20240610,20241214
1305,0,0,0,0,0,1,0,20240610,20241214
1306,0,0,0,0,1,0,0,20240610,20241214
1307,0,0,0,0,0,1,0,20240610,20241214
1308,1,1,1,1,1,0,0,20240610,20241214
1309,1,1,1,1,1,1,0,20240610,20241214
1310,0,0,0,0,0,0,1,20240610,20241214
1311,1,1,1,1,1,1,0,20240610,20241214
1312,0,0,0,0,1,0,0,20240610,20241214
1313,1,1,1,1,1,0,0,20240610,20241214
1314,0,0,0,0,0,0,0,20240610,20241214
1315,0,0,0,0,0,0,0,20240610,20241214
1316,0,0,0,0,0,0,0,20240610,20241214
1317,0,0,0,0,0,0,0,20240610,20241214
1318,0,0,0,0,0,0,0,20240610,20241214
1319,0,0,0,0,0,0,0,20240610,20241214
1320,1,1,1,1,0,0,0,20240610,20241214
1321,0,0,0,0,1,1,0,20240610,20241214
1322,1,1,1,1,0,0,0,20240610,20241214
1323,1,1,0,0,0,0,0,20240610,20241214
1324,1,1,1,1,1,1,1,20240610,20241214
1325,1,1,1,0,1,1,0,20240610,20241214
1326,0,0,0,0,0,0,0,20240610,20241214
1327,0,0,0,0,0,0,0,20240610,20241214
1328,1,1,0,1,0,0,1,20240610,20241214
1329,0,0,0,0,0,0,0,20240610,20241214
1330,1,0,1,0,1,0,0,20240610,20241214
1331,0,0,0,0,0,0,1,20240610,20241214
1332,0,0,0,0,0,0,1,20240610,20241214
1333,0,0,0,0,0,0,0,20240610,20241214
1334,0,0,0,0,0,0,0,20240610,20241214
1335,0,0,0,0,0,0,0,20240610,20241214
1336,0,0,0,0,0,0,0,20240610,20241214
1337,0,0,0,0,0,0,0,20240610,20241214
1338,0,0,0,0,0,0,1,20240610,20241214
1339,0,0,0,0,0,1,0,20240610,20241214
1340,1,1,1,0,1,0,0,20240610,20241214
1341,1,1,1,1,1,0,0,20240610,20241214
1342,0,0,0,0,0,0,0,20240610,20241214
1343,0,0,0,0,0,0,1,20240610,20241214
1344,1,1,1,1,1,0,1,20240610,20241214
1345,0,0,0,0,0,0,0,20240610,20241214
1346,1,1,1,1,1,0,0,20240610,20241214
1347,0,0,0,0,0,0,0,20240610,20241214
1348,1,1,1,1,1,0,0,20240610,20241214
1349,0,0,0,0,0,0,0,20240610,20241214
1350,1,1,1,1,1,0,0,20240610,20241214
1351,0,0,0,0,0,0,1,20240610,20241214
1352,0,1,1,0,1,1,0,20240610,20241214
1353,0,0,0,0,0,0,1,20240610,20241214
1354,0,1,1,1,1,1,0,20240610,20241214
1355,0,0,0,0,1,1,0,20240610,20241214
1356,1,0,0,0,0,0,0,20240610,20241214
1357,0,0,0,0,0,0,0,20240610,20241214
1358,0,0,0,0,0,0,1,20240610,20241214
1359,1,0,0,0,0,0,0,20240610,20241214
1360,0,0,0,0,0,0,0,20240610,20241214
1361,0,0,0,0,0,0,0,20240610,20241214
1362,0,0,0,0,0,1,1,20240610,20241214
1363,1,1,1,1,1,0,0,20240610,20241214
1364,0,0,0,0,0,0,0,20240610,20241214
1365,0,0,0,0,0,1,0,20240610,20241214
1366,0,0,0,0,0,0,0,20240610,20241214
1367,0,0,0,0,0,0,0,20240610,20241214
1368,0,0,0,0,0,0,0,20240610,20241214
1369,0,0,0,0,0,0,0,20240610,20241214
1370,0,0,0,0,0,0,0,20240610,20241214
1371,0,0,0,0,0,0,1,20240610,20241214
1372,1,1,1,1,1,1,1,20240610,20241214
1373,0,0,0,0,0,0,0,20240610,20241214
1374,1,1,1,1,1,1,0,20240610,20241214
1375,0,0,0,0,0,0,0,20240610,20241214
1376,1,1,1,1,1,0,1,20240610,20241214
1377,0,0,0,0,1,0,0,20240610,20241214
1378,0,0,0,0,1,1,0,20240610,20241214
1379,1,1,1,1,1,1,1,20240610,20241214
1380,1,1,1,1,1,0,0,20240610,20241214
1381,0,0,0,0,0,0,0,20240610,20241214
1382,1,1,1,1,1,1,0,20240610,20241214
1383,0,0,0,0,0,1,0,20240610,20241214
1384,0,0,0,0,0,1,1,20240610,20241214
1385,1,1,1,1,1,1,1,20240610,20241214
1386,0,0,0,0,0,0,1,20240610,20241214
1387,0,0,0,0,0,0,0,20240610,20241214
1388,0,0,0,0,0,0,0,20240610,20241214
1389,0,0,0,0,0,0,0,20240610,20241214
1390,0,0,0,0,0,0,0,20240610,20241214
1391,0,0,0,0,0,0,0,20240610,20241214
1392,0,0,0,0,0,0,0,20240610,20241214
1393,0,0,0,0,0,0,0,20240610,20241214
1394,0,0,0,0,0,0,0,20240610,20241214
1395,0,0,0,0,0,0,0,20240610,20241214
1396,1,1,1,1,1,0,0,20240610,20241214
1397,0,0,0,0,0,0,1,20240610,20241214
1398,1,1,1,1,0,0,1,20240610,20241214
1399,1,1,1,1,0,0,1,20240610,20241214
1400,0,0,0,0,0,0,0,20240610,20241214
1401,0,1,0,1,0,0,1,20240610,20241214
1402,1,0,0,0,0,0,1,20240610,20241214
1403,1,0,0,0,0,0,0,20240610,20241214
1404,1,1,1,1,0,0,1,20240610,20241214
1405,1,1,1,1,0,0,1,20240610,20241214
1406,1,1,1,1,1,0,0,20240610,20241214
1407,0,0,0,0,0,0,0,20240610,20241214
1408,0,0,0,0,0,1,0,20240610,20241214
1409,0,0,0,0,0,0,0,20240610,20241214
1410,0,0,0,0,0,0,1,20240610,20241214
1411,0,0,0,0,0,0,0,20240610,20241214
1412,0,0,0,0,0,0,0,20240610,20241214
1413,1,1,1,1,1,1,0,20240610,20241214
1414,0,0,0,0,0,0,0,20240610,20241214
1415,0,0,0,0,0,0,0,20240610,20241214
1416,1,1,1,1,1,1,0,20240610,20241214
1417,0,0,0,0,0,0,1,20240610,20241214
1418,0,0,0,0,0,0,0,20240610,20241214
1419,1,1,1,1,1,0,0,20240610,20241214
1420,0,0,0,0,1,1,0,20240610,20241214
1421,0,0,0,0,0,0,0,20240610,20241214
1422,0,0,0,0,0,0,0,20240610,20241214
1423,0,0,0,0,0,0,0,20240610,20241214
1424,0,1,0,1,0,0,0,20240610,20241214
1425,1,0,0,0,0,0,0,20240610,20241214
1426,0,0,0,0,0,0,1,20240610,20241214
1427,0,0,0,0,0,1,0,20240610,20241214
1428,0,0,0,0,0,0,0,20240610,20241214
1429,0,0,0,0,0,0,0,20240610,20241214
1430,1,0,0,0,0,0,0,20240610,20241214
1431,0,0,0,0,0,1,0,20240610,20241214
1432,1,1,1,1,1,0,1,20240610,20241214
1433,1,1,1,1,1,0,0,20240610,20241214
1434,0,0,0,0,0,0,0,20240610,20241214
1435,1,1,1,1,1,1,1,20240610,20241214
1436,0,0,0,0,1,1,0,20240610,20241214
1437,0,0,0,0,0,0,0,20240610,20241214
1438,0,0,0,0,0,0,0,20240610,20241214
1439,1,1,1,1,1,1,1,20240610,20241214
1440,0,0,0,0,0,0,0,20240610,20241214
1441,0,0,0,0,0,0,1,20240610,20241214
1442,1,1,0,1,0,0,0,20240610,20241214
1443,0,0,0,0,1,0,1,20240610,20241214
1444,1,1,1,1,1,0,0,20240610,20241214
1445,0,0,0,0,0,0,0,20240610,20241214
1446,1,1,1,1,0,0,0,20240610,20241214
1447,0,0,0,0,0,0,0,20240610,20241214
1448,0,0,0,0,0,1,0,20240610,20241214
1449,0,0,0,0,1,0,0,20240610,20241214
1450,0,0,0,0,0,0,0,20240610,20241214
1451,0,0,0,0,0,0,0,20240610,20241214
1452,0,0,0,0,0,0,0,20240610,20241214
1453,0,0,0,0,0,0,0,20240610,20241214
1454,1,1,1,1,1,0,0,20240610,20241214
1455,1,1,1,1,1,0,1,20240610,20241214
1456,1,1,1,1,1,0,0,20240610,20241214
1457,1,1,1,1,1,1,1,20240610,20241214
1458,1,1,1,1,1,0,0,20240610,20241214
1459,1,1,1,1,1,0,0,20240610,20241214
1460,1,1,1,1,1,0,1,20240610,20241214
1461,0,0,0,0,0,0,1,20240610,20241214
1462,1,1,1,1,0,0,0,20240610,20241214
1463,0,0,0,0,0,0,0,20240610,20241214
1464,0,0,0,0,0,0,0,20240610,20241214
1465,1,1,1,1,1,1,1,20240610,20241214
1466,0,0,0,0,0,1,0,20240610,20241214
1467,0,0,0,0,1,0,0,20240610,20241214
1468,1,1,1,1,1,0,0,20240610,20241214
1469,0,0,0,0,1,1,0,20240610,20241214
1470,1,1,1,1,1,0,1,20240610,20241214
1471,0,0,0,0,0,0,0,20240610,20241214
1472,1,1,1,1,1,1,0,20240610,20241214
1473,1,1,1,1,1,1,0,20240610,20241214
1474,0,0,0,0,0,0,1,20240610,20241214
1475,0,0,0,0,0,0,0,20240610,20241214
1476,1,1,1,1,0,0,1,20240610,20241214
1477,1,1,1,1,1,0,0,20240610,20241214
1478,1,1,1,1,1,1,0,20240610,20241214
1479,0,0,0,0,1,1,0,20240610,20241214
1480,1,1,1,1,1,1,1,20240610,20241214
1481,1,1,1,1,0,0,1,20240610,20241214
1482,0,0,0,0,0,0,0,20240610,20241214
1483,1,1,1,1,1,1,1,20240610,20241214
1484,0,0,0,0,1,1,0,20240610,20241214
1485,0,0,0,0,0,0,0,20240610,20241214
1486,0,0,0,0,0,0,0,20240610,20241214
1487,0,0,0,0,0,0,1,20240610,20241214
1488,1,1,1,1,1,1,0,20240610,20241214
1489,0,0,0,0,0,0,0,20240610,20241214
1490,0,0,0,0,0,0,0,20240610,20241214
1491,0,0,0,0,0,0,1,20240610,20241214
1492,0,0,0,0,0,0,0,20240610,20241214
1493,0,0,0,0,0,0,0,20240610,20241214
1494,0,0,0,0,0,0,0,20240610,20241214
1495,0,0,0,0,0,0,0,20240610,20241214
1496,0,0,0,0,0,0,0,20240610,20241214
1497,1,1,1,1,0,0,0,20240610,20241214
1498,0,0,0,0,0,0,0,20240610,20241214
1499,0,0,1,0,0,0,0,20240610,20241214
1500,0,0,0,0,0,0,0,20240610,20241214
1501,0,0,0,0,0,0,0,20240610,20241214
1502,0,0,0,0,0,0,0,20240610,20241214
1503,0,1,0,0,0,0,0,20240610,20241214
1504,0,0,0,0,0,0,0,20240610,20241214
1505,1,0,0,0,0,0,0,20240610,20241214
1506,0,0,0,0,0,0,0,20240610,20241214
1507,0,0,0,0,0,0,0,20240610,20241214
1508,1,1,1,1,1,0,0,20240610,20241214
1509,1,1,0,1,1,0,0,20240610,20241214
1510,0,0,0,0,0,0,0,20240610,20241214
1511,1,1,0,1,1,0,0,20240610,20241214
1512,1,1,1,1,0,0,0,20240610,20241214
1513,0,0,0,0,0,0,0,20240610,20241214
1514,1,1,1,0,0,0,0,20240610,20241214
