service_id,monday,tuesday,wednesday,thursday,friday,saturday,sunday,start_date,end_date
1,1,1,1,1,1,1,1,20200312,20201212
2,0,0,0,0,0,0,1,20200312,20201212
3,1,1,1,1,1,1,1,20200312,20201212
4,0,0,0,0,0,0,0,20200312,20201212
5,0,0,0,0,1,1,1,20200312,20201212
6,0,0,0,0,0,0,0,20200312,20201212
7,0,0,0,0,0,0,0,20200312,20201212
8,1,1,1,1,1,1,0,20200312,20201212
9,0,0,0,0,1,1,1,20200312,20201212
10,1,1,1,1,1,1,0,20200312,20201212
11,0,0,0,0,0,0,0,20200312,20201212
12,0,0,0,0,0,1,1,20200312,20201212
13,1,1,1,1,1,0,0,20200312,20201212
14,0,0,0,0,0,1,1,20200312,20201212
15,0,0,0,0,0,0,0,20200312,20201212
16,1,1,1,1,1,1,1,20200312,20201212
17,1,1,1,1,1,1,1,20200312,20201212
18,0,0,0,0,0,0,0,20200312,20201212
19,1,1,1,1,1,1,1,20200312,20201212
20,0,0,0,0,0,0,0,20200312,20201212
21,1,1,1,1,1,1,1,20200312,20201212
22,0,0,0,0,0,0,0,20200312,20201212
23,0,0,0,0,1,1,0,20200312,20201212
24,0,0,0,0,0,1,0,20200312,20201212
25,1,1,1,1,1,0,0,20200312,20201212
26,1,1,1,1,1,1,1,20200312,20201212
27,0,0,0,0,0,0,0,20200312,20201212
28,1,1,1,1,0,0,1,20200312,20201212
29,1,1,1,1,1,1,1,20200312,20201212
30,0,0,0,0,0,0,0,20200312,20201212
31,1,1,1,1,1,0,0,20200312,20201212
32,0,0,0,0,0,1,1,20200312,20201212
33,1,1,1,1,1,1,1,20200312,20201212
34,0,0,0,0,0,0,0,20200312,20201212
35,1,1,1,1,1,1,1,20200312,20201212
36,0,0,0,0,0,0,0,20200312,20201212
37,1,1,1,1,1,1,1,20200312,20201212
38,0,0,0,0,0,0,1,20200312,20201212
39,1,1,1,1,1,1,0,20200312,20201212
40,1,1,1,1,1,0,0,20200312,20201212
41,1,1,1,1,1,1,1,20200312,20201212
42,0,0,0,0,0,0,0,20200312,20201212
43,0,0,0,0,0,0,0,20200312,20201212
44,0,0,0,0,0,0,1,20200312,20201212
45,0,0,0,0,0,0,0,20200312,20201212
46,0,0,0,0,0,0,0,20200312,20201212
47,0,0,0,0,0,0,0,20200312,20201212
48,0,0,0,0,0,1,1,20200312,20201212
49,0,0,0,0,1,0,0,20200312,20201212
50,1,1,1,1,0,0,0,20200312,20201212
51,0,0,0,0,1,1,1,20200312,20201212
52,0,0,0,0,1,0,0,20200312,20201212
53,1,1,1,1,0,0,0,20200312,20201212
54,0,0,0,0,0,1,0,20200312,20201212
55,1,1,1,1,1,0,1,20200312,20201212
56,0,0,0,0,1,1,0,20200312,20201212
57,1,1,1,1,0,0,1,20200312,20201212
58,0,0,0,0,0,0,0,20200312,20201212
59,0,0,0,0,0,0,0,20200312,20201212
60,0,0,0,0,0,0,0,20200312,20201212
61,0,0,0,0,0,1,0,20200312,20201212
62,0,0,0,0,0,0,0,20200312,20201212
63,1,1,1,1,0,0,1,20200312,20201212
64,0,0,0,0,0,0,0,20200312,20201212
65,1,1,1,1,1,1,1,20200312,20201212
66,1,1,1,1,1,1,1,20200312,20201212
67,0,0,0,0,0,0,0,20200312,20201212
68,0,0,0,0,0,0,0,20200312,20201212
69,0,0,0,0,0,0,0,20200312,20201212
70,1,1,1,1,1,0,0,20200312,20201212
71,0,0,0,0,0,1,0,20200312,20201212
72,0,0,0,0,0,0,0,20200312,20201212
73,0,0,0,0,0,1,1,20200312,20201212
74,1,1,1,1,1,0,0,20200312,20201212
75,0,0,0,0,0,1,1,20200312,20201212
76,0,0,0,0,0,0,1,20200312,20201212
77,0,0,0,0,0,1,0,20200312,20201212
78,0,0,0,0,1,0,0,20200312,20201212
79,0,0,0,0,0,1,1,20200312,20201212
80,0,0,0,0,0,0,0,20200312,20201212
81,1,1,1,1,1,0,0,20200312,20201212
82,1,1,1,1,1,1,0,20200312,20201212
83,0,0,0,0,0,1,1,20200312,20201212
84,1,1,1,1,1,0,0,20200312,20201212
85,0,0,0,0,1,0,0,20200312,20201212
86,0,0,0,0,0,0,0,20200312,20201212
87,1,1,1,1,1,1,1,20200312,20201212
88,0,0,0,0,0,0,0,20200312,20201212
89,1,1,1,1,1,1,1,20200312,20201212
90,1,1,1,1,1,1,1,20200312,20201212
91,0,0,0,0,1,1,0,20200312,20201212
92,0,0,0,0,0,0,0,20200312,20201212
93,1,1,1,1,1,0,0,20200312,20201212
94,0,0,0,0,0,1,1,20200312,20201212
95,0,0,0,0,0,1,1,20200312,20201212
96,0,0,0,0,0,0,0,20200312,20201212
97,0,0,0,0,0,0,0,20200312,20201212
98,1,1,1,1,1,1,1,20200312,20201212
99,0,0,0,0,0,0,0,20200312,20201212
100,0,0,0,0,1,0,0,20200312,20201212
101,0,0,0,0,0,1,1,20200312,20201212
102,0,0,0,0,0,1,1,20200312,20201212
103,0,0,0,0,0,1,1,20200312,20201212
104,0,0,0,0,0,0,0,20200312,20201212
105,0,0,0,0,0,0,0,20200312,20201212
106,1,1,1,1,1,0,0,20200312,20201212
107,1,1,1,1,1,0,0,20200312,20201212
108,1,1,1,1,1,0,0,20200312,20201212
109,1,1,1,1,1,0,0,20200312,20201212
110,1,1,1,1,1,0,0,20200312,20201212
111,1,1,1,1,1,1,1,20200312,20201212
112,1,1,1,1,1,1,1,20200312,20201212
113,0,0,0,0,0,1,1,20200312,20201212
114,0,0,0,0,0,1,1,20200312,20201212
115,0,0,0,0,0,0,0,20200312,20201212
116,0,0,0,0,0,1,1,20200312,20201212
117,0,0,0,0,0,0,0,20200312,20201212
118,0,0,0,0,0,1,1,20200312,20201212
119,0,0,0,0,0,0,0,20200312,20201212
120,0,0,0,0,0,1,1,20200312,20201212
121,0,0,0,0,0,0,0,20200312,20201212
122,0,0,0,0,0,0,0,20200312,20201212
123,0,0,0,0,0,0,0,20200312,20201212
124,0,0,0,0,0,0,0,20200312,20201212
125,0,0,0,0,0,0,0,20200312,20201212
126,0,0,0,0,0,0,0,20200312,20201212
127,0,0,0,0,0,0,0,20200312,20201212
128,0,0,0,0,0,0,0,20200312,20201212
129,0,0,0,0,0,1,1,20200312,20201212
130,1,1,1,1,1,1,1,20200312,20201212
131,1,1,1,1,1,1,0,20200312,20201212
132,0,0,0,0,0,0,1,20200312,20201212
133,1,1,1,1,1,1,1,20200312,20201212
134,1,1,1,1,1,1,1,20200312,20201212
135,0,0,0,0,0,0,0,20200312,20201212
136,1,1,1,1,1,1,1,20200312,20201212
137,1,1,1,1,1,1,1,20200312,20201212
138,1,1,1,1,1,1,1,20200312,20201212
139,1,1,1,1,1,1,1,20200312,20201212
140,1,1,1,1,1,1,1,20200312,20201212
141,1,1,1,1,1,1,1,20200312,20201212
142,1,1,1,1,1,1,1,20200312,20201212
143,1,1,1,1,1,1,1,20200312,20201212
144,1,1,1,1,1,1,1,20200312,20201212
145,1,1,1,1,1,1,1,20200312,20201212
146,1,1,1,1,1,1,1,20200312,20201212
147,1,1,1,1,1,1,1,20200312,20201212
148,1,1,1,1,1,1,1,20200312,20201212
149,1,1,1,1,1,1,1,20200312,20201212
150,1,1,1,1,1,0,0,20200312,20201212
151,0,0,0,0,0,0,0,20200312,20201212
152,0,0,0,0,0,0,0,20200312,20201212
153,0,0,0,0,0,0,0,20200312,20201212
154,0,0,0,0,0,0,0,20200312,20201212
155,0,0,0,0,0,0,0,20200312,20201212
156,1,1,1,1,1,1,1,20200312,20201212
157,0,0,0,0,0,1,1,20200312,20201212
158,0,0,0,0,0,1,1,20200312,20201212
159,1,1,1,1,1,1,1,20200312,20201212
160,1,1,1,1,1,1,0,20200312,20201212
161,1,1,1,1,1,1,1,20200312,20201212
162,0,0,0,0,0,0,0,20200312,20201212
163,0,0,0,0,0,0,0,20200312,20201212
164,1,1,1,1,1,0,0,20200312,20201212
165,1,1,1,1,1,1,1,20200312,20201212
166,0,0,0,0,0,1,1,20200312,20201212
167,0,0,0,0,0,0,1,20200312,20201212
168,1,1,1,1,1,1,1,20200312,20201212
169,0,0,0,0,0,0,0,20200312,20201212
170,0,0,0,0,0,0,0,20200312,20201212
171,1,1,1,1,1,1,1,20200312,20201212
172,0,0,0,0,0,0,1,20200312,20201212
173,0,0,0,0,0,1,0,20200312,20201212
174,0,0,0,0,0,0,0,20200312,20201212
175,0,0,0,0,0,0,0,20200312,20201212
176,1,1,1,1,1,1,0,20200312,20201212
177,0,0,0,0,0,0,1,20200312,20201212
178,0,0,0,0,0,1,0,20200312,20201212
179,0,0,0,0,0,0,0,20200312,20201212
180,1,1,1,1,1,1,0,20200312,20201212
181,1,1,1,1,1,1,1,20200312,20201212
182,1,1,1,1,1,1,1,20200312,20201212
183,0,0,0,0,0,0,0,20200312,20201212
184,0,0,0,0,0,0,0,20200312,20201212
185,0,0,0,0,0,0,0,20200312,20201212
186,1,1,1,1,1,1,1,20200312,20201212
187,0,0,0,0,0,0,0,20200312,20201212
188,1,1,1,1,1,1,0,20200312,20201212
189,0,0,0,0,0,0,0,20200312,20201212
190,0,0,0,0,0,0,0,20200312,20201212
191,0,0,0,0,0,0,0,20200312,20201212
192,0,0,0,0,0,0,0,20200312,20201212
193,0,0,0,0,0,0,0,20200312,20201212
194,0,0,0,0,0,1,1,20200312,20201212
195,0,0,0,0,0,0,0,20200312,20201212
196,1,1,1,1,1,0,0,20200312,20201212
197,0,0,0,0,0,0,0,20200312,20201212
198,0,0,0,0,0,0,0,20200312,20201212
199,0,0,0,0,0,0,0,20200312,20201212
200,0,0,0,0,0,0,1,20200312,20201212
201,0,0,0,0,0,0,0,20200312,20201212
202,0,0,0,0,0,0,0,20200312,20201212
203,0,0,0,0,0,0,0,20200312,20201212
204,0,0,0,0,0,1,0,20200312,20201212
205,1,1,1,1,1,1,1,20200312,20201212
206,0,0,0,0,0,0,1,20200312,20201212
207,1,1,1,1,1,0,0,20200312,20201212
208,0,0,0,0,1,1,0,20200312,20201212
209,0,0,0,0,0,0,0,20200312,20201212
210,0,0,0,0,0,0,0,20200312,20201212
211,0,0,0,0,0,0,0,20200312,20201212
212,1,1,1,1,1,1,1,20200312,20201212
213,1,1,1,1,1,0,0,20200312,20201212
214,1,1,1,1,0,0,0,20200312,20201212
215,0,0,0,0,0,1,0,20200312,20201212
216,0,0,0,0,0,0,0,20200312,20201212
217,0,0,0,0,0,0,1,20200312,20201212
218,0,0,0,0,0,1,0,20200312,20201212
219,0,0,0,0,0,0,0,20200312,20201212
220,1,1,1,1,1,1,1,20200312,20201212
221,0,0,0,0,1,0,1,20200312,20201212
222,1,1,1,1,1,1,1,20200312,20201212
223,1,1,1,1,1,1,1,20200312,20201212
224,0,0,0,0,0,0,0,20200312,20201212
225,1,1,1,1,1,1,1,20200312,20201212
226,1,1,1,1,1,0,0,20200312,20201212
227,0,0,0,0,0,0,0,20200312,20201212
228,1,1,1,1,1,0,0,20200312,20201212
229,1,1,1,1,0,0,0,20200312,20201212
230,0,0,0,0,0,1,0,20200312,20201212
231,1,1,1,1,1,0,1,20200312,20201212
232,1,1,1,1,1,1,1,20200312,20201212
233,0,0,0,0,0,0,0,20200312,20201212
234,0,0,0,0,1,1,0,20200312,20201212
235,1,0,0,0,0,0,0,20200312,20201212
236,0,1,1,1,1,1,1,20200312,20201212
237,1,1,1,1,1,1,1,20200312,20201212
238,0,0,0,0,0,0,0,20200312,20201212
239,1,1,1,0,0,1,0,20200312,20201212
240,0,0,0,1,1,0,1,20200312,20201212
241,1,1,1,1,0,0,1,20200312,20201212
242,1,1,1,1,1,1,1,20200312,20201212
243,0,0,0,0,0,0,0,20200312,20201212
244,1,1,1,1,1,1,1,20200312,20201212
245,0,0,0,0,0,0,0,20200312,20201212
246,1,1,1,1,0,1,1,20200312,20201212
247,0,0,0,0,0,0,0,20200312,20201212
248,0,0,0,0,0,0,0,20200312,20201212
249,0,0,0,0,0,0,0,20200312,20201212
250,0,0,0,0,0,0,0,20200312,20201212
251,0,0,0,0,0,0,0,20200312,20201212
252,1,1,1,1,1,1,1,20200312,20201212
253,0,0,0,0,0,0,0,20200312,20201212
254,0,0,0,0,0,0,0,20200312,20201212
255,0,0,0,0,0,1,1,20200312,20201212
256,0,0,0,0,0,0,0,20200312,20201212
257,0,0,0,0,0,1,1,20200312,20201212
258,1,1,1,1,1,1,1,20200312,20201212
259,0,0,0,0,0,0,0,20200312,20201212
260,0,0,0,0,0,0,1,20200312,20201212
261,0,0,0,0,0,0,0,20200312,20201212
262,0,0,0,0,0,0,0,20200312,20201212
263,0,0,0,0,0,0,0,20200312,20201212
264,0,0,0,0,0,0,0,20200312,20201212
265,0,0,0,0,0,0,0,20200312,20201212
266,1,1,1,1,1,1,1,20200312,20201212
267,0,0,0,0,0,0,0,20200312,20201212
268,1,1,1,1,1,1,1,20200312,20201212
269,0,0,0,0,0,0,0,20200312,20201212
270,1,1,1,1,1,1,1,20200312,20201212
271,1,1,1,1,0,0,0,20200312,20201212
272,0,0,0,0,0,0,0,20200312,20201212
273,1,1,1,1,1,1,1,20200312,20201212
274,1,1,1,1,1,1,1,20200312,20201212
275,0,0,0,0,0,0,0,20200312,20201212
276,0,0,0,0,1,1,0,20200312,20201212
277,0,0,0,0,0,1,1,20200312,20201212
278,0,0,0,0,0,1,1,20200312,20201212
279,0,1,1,1,1,1,0,20200312,20201212
280,1,0,0,0,1,1,1,20200312,20201212
281,1,1,1,1,0,1,1,20200312,20201212
282,0,0,0,0,0,0,0,20200312,20201212
283,1,1,1,1,1,0,0,20200312,20201212
284,0,0,0,0,0,1,0,20200312,20201212
285,1,1,1,1,0,1,0,20200312,20201212
286,1,1,1,1,1,0,0,20200312,20201212
287,0,0,0,0,0,1,0,20200312,20201212
288,1,1,1,1,1,1,1,20200312,20201212
289,0,0,0,0,1,1,0,20200312,20201212
290,0,0,0,0,0,0,0,20200312,20201212
291,1,1,1,1,1,1,0,20200312,20201212
292,1,1,1,1,1,1,0,20200312,20201212
293,1,1,1,1,1,1,0,20200312,20201212
294,1,1,1,1,1,0,0,20200312,20201212
295,0,0,0,0,0,0,0,20200312,20201212
296,0,0,0,0,0,0,0,20200312,20201212
297,1,1,1,1,1,1,1,20200312,20201212
298,1,1,1,1,1,1,1,20200312,20201212
299,0,0,0,0,0,0,0,20200312,20201212
300,0,0,0,0,0,0,0,20200312,20201212
301,0,0,0,0,0,0,0,20200312,20201212
302,0,0,0,0,0,0,0,20200312,20201212
303,1,1,1,1,1,1,1,20200312,20201212
304,1,1,1,1,1,1,1,20200312,20201212
305,1,1,1,1,1,1,1,20200312,20201212
306,1,1,1,1,1,1,1,20200312,20201212
307,1,1,1,1,1,1,1,20200312,20201212
308,1,1,1,1,1,1,1,20200312,20201212
309,1,1,1,1,1,1,1,20200312,20201212
310,0,0,0,0,0,1,1,20200312,20201212
311,1,1,1,1,1,1,1,20200312,20201212
312,0,0,0,0,0,1,1,20200312,20201212
313,0,1,1,1,1,0,0,20200312,20201212
314,0,0,0,0,0,0,0,20200312,20201212
315,0,0,0,0,0,1,0,20200312,20201212
316,1,1,1,1,1,0,0,20200312,20201212
317,1,1,1,1,1,1,0,20200312,20201212
318,0,0,0,0,0,0,1,20200312,20201212
319,1,1,1,1,1,1,1,20200312,20201212
320,0,0,0,0,0,0,0,20200312,20201212
321,0,0,0,0,0,0,0,20200312,20201212
322,0,0,0,0,0,0,0,20200312,20201212
323,1,1,1,1,0,1,0,20200312,20201212
324,0,0,0,0,1,0,0,20200312,20201212
325,1,1,1,1,1,0,0,20200312,20201212
326,0,0,0,0,0,0,0,20200312,20201212
327,0,0,0,0,0,0,0,20200312,20201212
328,0,0,0,0,0,0,0,20200312,20201212
329,0,1,1,1,1,1,1,20200312,20201212
330,0,0,0,0,0,0,0,20200312,20201212
331,0,0,0,0,0,1,1,20200312,20201212
332,1,1,1,1,1,1,0,20200312,20201212
333,0,0,0,0,0,0,1,20200312,20201212
334,1,1,1,1,1,1,1,20200312,20201212
335,1,1,1,1,0,0,0,20200312,20201212
336,0,0,0,0,0,0,0,20200312,20201212
337,0,0,0,0,0,0,0,20200312,20201212
338,0,0,0,0,0,0,0,20200312,20201212
339,0,0,0,0,0,0,0,20200312,20201212
340,0,0,0,0,0,0,0,20200312,20201212
341,0,0,0,0,0,0,0,20200312,20201212
342,0,0,0,0,0,0,0,20200312,20201212
343,0,0,0,0,0,0,0,20200312,20201212
344,1,1,1,1,1,0,0,20200312,20201212
345,0,0,0,0,1,0,0,20200312,20201212
346,0,0,0,0,0,0,0,20200312,20201212
347,1,1,1,1,0,0,1,20200312,20201212
348,1,1,1,1,1,1,1,20200312,20201212
349,0,0,0,0,0,0,0,20200312,20201212
350,0,0,0,0,0,0,0,20200312,20201212
351,0,0,0,0,0,0,0,20200312,20201212
352,1,1,1,1,1,1,0,20200312,20201212
353,0,0,0,0,0,0,1,20200312,20201212
354,0,0,0,0,0,0,0,20200312,20201212
355,0,0,0,0,0,0,0,20200312,20201212
356,0,0,0,0,0,0,0,20200312,20201212
357,0,0,0,0,0,0,0,20200312,20201212
358,0,0,0,0,0,0,0,20200312,20201212
359,0,0,0,0,0,0,1,20200312,20201212
360,0,0,0,0,0,0,0,20200312,20201212
361,0,0,0,0,0,0,0,20200312,20201212
362,1,1,1,1,1,1,1,20200312,20201212
363,1,1,1,1,1,1,0,20200312,20201212
364,1,1,1,1,1,0,0,20200312,20201212
365,1,1,1,1,1,1,1,20200312,20201212
366,0,0,0,0,0,1,1,20200312,20201212
367,0,0,0,0,0,0,0,20200312,20201212
368,0,0,0,0,0,1,1,20200312,20201212
369,1,1,1,1,1,1,0,20200312,20201212
370,0,0,0,0,0,1,1,20200312,20201212
371,0,0,0,0,0,1,0,20200312,20201212
372,0,0,0,0,0,1,1,20200312,20201212
373,0,0,0,0,0,0,1,20200312,20201212
374,1,1,1,1,1,1,0,20200312,20201212
375,0,0,0,0,0,0,0,20200312,20201212
376,0,0,0,0,0,0,0,20200312,20201212
377,0,0,0,0,0,0,0,20200312,20201212
378,0,0,0,0,0,0,0,20200312,20201212
379,0,0,0,0,0,0,0,20200312,20201212
380,0,0,0,0,0,0,0,20200312,20201212
381,0,0,0,0,0,0,0,20200312,20201212
382,0,0,0,0,0,0,0,20200312,20201212
383,0,0,0,0,0,0,0,20200312,20201212
384,0,0,0,0,0,0,0,20200312,20201212
385,0,0,0,0,0,0,0,20200312,20201212
386,0,0,0,0,0,0,0,20200312,20201212
387,0,0,0,0,0,0,0,20200312,20201212
388,0,0,0,0,0,0,0,20200312,20201212
389,0,0,0,0,0,0,0,20200312,20201212
390,0,0,0,0,0,0,0,20200312,20201212
391,0,0,0,0,0,0,0,20200312,20201212
392,1,1,1,1,1,1,1,20200312,20201212
393,0,0,0,0,0,0,0,20200312,20201212
394,0,0,0,0,0,0,0,20200312,20201212
395,0,0,0,0,0,0,0,20200312,20201212
396,0,0,0,0,0,0,0,20200312,20201212
397,0,0,0,0,0,0,0,20200312,20201212
398,0,0,0,0,0,0,0,20200312,20201212
399,0,0,0,0,0,0,0,20200312,20201212
400,0,0,0,0,0,0,0,20200312,20201212
401,0,0,0,0,0,0,0,20200312,20201212
402,0,0,0,0,0,0,0,20200312,20201212
403,0,0,0,0,0,0,0,20200312,20201212
404,0,0,0,0,0,0,1,20200312,20201212
405,0,0,0,0,0,0,0,20200312,20201212
406,0,0,0,0,0,0,0,20200312,20201212
407,0,0,0,0,0,0,0,20200312,20201212
408,0,0,0,0,0,0,0,20200312,20201212
409,0,0,0,0,0,0,0,20200312,20201212
410,0,0,0,0,0,0,0,20200312,20201212
411,0,0,0,0,0,0,0,20200312,20201212
412,0,0,0,0,0,0,0,20200312,20201212
413,0,0,0,0,0,0,0,20200312,20201212
414,0,0,0,0,0,0,0,20200312,20201212
415,0,0,0,0,0,0,0,20200312,20201212
416,0,0,0,0,0,0,0,20200312,20201212
417,0,0,0,0,0,0,0,20200312,20201212
418,0,0,0,0,0,0,0,20200312,20201212
419,0,0,0,0,0,0,0,20200312,20201212
420,0,0,0,0,0,0,0,20200312,20201212
421,0,0,0,0,0,0,0,20200312,20201212
422,0,0,0,0,0,0,0,20200312,20201212
423,0,0,0,0,0,0,0,20200312,20201212
424,0,0,0,0,0,0,0,20200312,20201212
425,0,0,0,0,0,0,1,20200312,20201212
426,0,0,0,0,0,0,0,20200312,20201212
427,0,0,0,0,0,0,0,20200312,20201212
428,0,0,0,0,0,0,0,20200312,20201212
429,0,0,0,0,0,0,0,20200312,20201212
430,0,0,0,0,0,0,0,20200312,20201212
431,0,0,0,0,0,0,0,20200312,20201212
432,0,0,0,0,0,0,0,20200312,20201212
433,0,0,0,0,0,0,1,20200312,20201212
434,0,0,0,0,0,0,0,20200312,20201212
435,0,0,0,0,0,0,0,20200312,20201212
436,0,0,0,0,0,0,0,20200312,20201212
437,0,0,0,0,0,0,0,20200312,20201212
438,0,0,0,0,0,0,0,20200312,20201212
439,0,0,0,0,0,0,0,20200312,20201212
440,0,0,0,0,0,0,1,20200312,20201212
441,0,0,0,0,0,0,0,20200312,20201212
442,0,0,0,0,0,0,0,20200312,20201212
443,0,0,0,0,0,0,0,20200312,20201212
444,0,0,0,0,0,0,0,20200312,20201212
445,0,0,0,0,0,0,0,20200312,20201212
446,0,0,0,0,0,0,0,20200312,20201212
447,0,0,0,0,0,0,0,20200312,20201212
448,0,0,0,0,0,0,0,20200312,20201212
449,0,0,0,0,0,0,0,20200312,20201212
450,0,0,0,0,0,1,1,20200312,20201212
451,0,0,0,0,1,1,0,20200312,20201212
452,0,0,0,0,0,0,0,20200312,20201212
453,1,1,1,1,0,0,1,20200312,20201212
454,0,0,0,0,1,1,0,20200312,20201212
455,0,0,0,0,0,0,0,20200312,20201212
456,0,0,0,0,0,0,0,20200312,20201212
457,0,0,0,0,0,0,0,20200312,20201212
458,0,0,0,0,0,0,0,20200312,20201212
459,1,1,1,1,1,0,0,20200312,20201212
460,1,1,1,1,1,0,0,20200312,20201212
461,0,0,0,0,0,0,0,20200312,20201212
462,0,0,0,0,0,0,1,20200312,20201212
463,1,1,1,1,1,0,0,20200312,20201212
464,1,1,1,1,1,1,0,20200312,20201212
465,1,1,1,1,1,0,1,20200312,20201212
466,1,1,1,1,1,1,1,20200312,20201212
467,0,0,0,0,0,0,0,20200312,20201212
468,0,0,0,0,0,0,0,20200312,20201212
469,0,0,0,0,0,0,0,20200312,20201212
470,0,0,0,0,0,0,0,20200312,20201212
471,0,0,0,0,0,0,0,20200312,20201212
472,0,0,0,0,0,0,0,20200312,20201212
473,1,1,1,1,1,0,0,20200312,20201212
474,1,1,1,1,1,1,0,20200312,20201212
475,1,1,1,1,1,1,1,20200312,20201212
476,1,1,1,1,1,0,1,20200312,20201212
477,0,0,0,0,0,1,1,20200312,20201212
478,0,0,0,0,0,0,0,20200312,20201212
479,0,0,0,0,0,0,0,20200312,20201212
480,0,0,0,0,0,0,0,20200312,20201212
481,0,0,0,0,0,0,0,20200312,20201212
482,0,0,0,0,0,0,0,20200312,20201212
483,1,1,1,1,1,0,0,20200312,20201212
484,0,0,0,0,0,0,0,20200312,20201212
485,0,0,0,0,0,1,0,20200312,20201212
486,0,0,0,0,0,0,0,20200312,20201212
487,1,1,1,1,1,0,0,20200312,20201212
488,0,0,0,0,0,0,0,20200312,20201212
489,0,0,0,0,0,0,1,20200312,20201212
490,0,0,0,0,0,0,0,20200312,20201212
491,1,1,1,1,1,1,0,20200312,20201212
492,0,0,0,0,0,0,0,20200312,20201212
493,0,0,0,0,0,1,0,20200312,20201212
494,0,0,0,0,1,0,0,20200312,20201212
495,0,0,0,0,0,1,0,20200312,20201212
496,0,0,0,0,0,0,0,20200312,20201212
497,1,1,1,1,1,1,1,20200312,20201212
498,0,0,0,0,1,1,0,20200312,20201212
499,0,0,0,0,1,1,0,20200312,20201212
500,0,0,0,0,1,1,1,20200312,20201212
501,0,0,0,0,1,1,1,20200312,20201212
502,0,0,0,0,0,0,0,20200312,20201212
503,0,0,0,0,0,0,0,20200312,20201212
504,0,0,0,0,0,0,0,20200312,20201212
505,0,0,0,0,0,1,1,20200312,20201212
506,1,1,1,1,1,0,0,20200312,20201212
507,0,0,0,0,0,0,0,20200312,20201212
508,1,1,1,1,1,1,0,20200312,20201212
509,1,1,1,1,1,0,0,20200312,20201212
510,1,1,1,1,1,0,0,20200312,20201212
511,0,0,0,0,0,1,0,20200312,20201212
512,0,0,0,0,0,0,1,20200312,20201212
513,1,1,1,1,1,1,0,20200312,20201212
514,0,0,0,0,0,0,0,20200312,20201212
515,0,0,0,0,0,0,0,20200312,20201212
516,1,1,1,1,1,0,0,20200312,20201212
517,1,1,1,1,1,0,1,20200312,20201212
518,0,0,0,0,0,0,0,20200312,20201212
519,0,0,0,0,0,0,0,20200312,20201212
520,0,0,0,0,1,0,0,20200312,20201212
521,0,0,0,0,0,0,0,20200312,20201212
522,0,0,0,0,0,0,0,20200312,20201212
523,1,1,1,1,1,0,0,20200312,20201212
524,1,1,1,1,0,0,1,20200312,20201212
525,1,1,1,1,1,0,1,20200312,20201212
526,0,0,0,0,0,0,0,20200312,20201212
527,0,0,0,0,0,1,0,20200312,20201212
528,0,0,0,0,0,0,0,20200312,20201212
529,0,0,0,0,0,0,0,20200312,20201212
530,0,0,0,0,0,0,0,20200312,20201212
531,0,0,0,0,0,0,1,20200312,20201212
532,1,1,1,1,1,1,1,20200312,20201212
533,1,1,1,1,1,0,1,20200312,20201212
534,0,0,0,0,0,0,0,20200312,20201212
535,0,0,0,0,0,0,0,20200312,20201212
536,0,0,0,0,0,0,0,20200312,20201212
537,0,0,0,0,0,0,0,20200312,20201212
538,0,0,0,0,0,1,1,20200312,20201212
539,0,0,0,0,1,1,0,20200312,20201212
540,0,0,0,0,0,0,0,20200312,20201212
541,1,1,1,1,1,1,0,20200312,20201212
542,1,1,1,1,1,0,0,20200312,20201212
543,0,0,0,0,0,1,0,20200312,20201212
544,0,0,0,0,0,0,1,20200312,20201212
545,1,1,1,1,1,1,1,20200312,20201212
546,0,0,0,0,0,0,0,20200312,20201212
547,0,0,0,0,0,0,0,20200312,20201212
548,0,0,0,0,0,0,0,20200312,20201212
549,0,0,0,0,0,0,0,20200312,20201212
550,0,0,0,0,0,0,0,20200312,20201212
551,0,0,0,0,1,1,0,20200312,20201212
552,1,1,1,1,1,1,1,20200312,20201212
553,1,1,1,1,1,0,1,20200312,20201212
554,0,0,0,0,1,0,0,20200312,20201212
555,1,1,1,1,0,0,1,20200312,20201212
556,0,0,0,0,1,0,0,20200312,20201212
557,1,1,1,1,0,0,0,20200312,20201212
558,1,1,1,1,1,0,0,20200312,20201212
559,0,0,0,0,0,1,1,20200312,20201212
560,1,1,1,1,1,1,1,20200312,20201212
561,1,1,1,1,1,1,0,20200312,20201212
562,0,0,0,0,0,0,0,20200312,20201212
563,0,0,0,0,0,0,0,20200312,20201212
564,0,0,0,0,0,0,0,20200312,20201212
565,0,0,0,0,0,0,0,20200312,20201212
566,0,0,0,0,0,1,0,20200312,20201212
567,0,0,0,0,0,0,1,20200312,20201212
568,0,0,0,0,1,1,0,20200312,20201212
569,0,0,0,0,0,0,0,20200312,20201212
570,1,1,1,1,1,0,0,20200312,20201212
571,0,0,0,0,0,0,0,20200312,20201212
572,1,1,1,1,1,1,1,20200312,20201212
573,0,0,0,0,0,0,0,20200312,20201212
574,1,1,1,1,1,0,0,20200312,20201212
575,0,0,0,0,0,0,0,20200312,20201212
576,0,0,0,0,1,0,0,20200312,20201212
577,0,0,0,0,0,0,0,20200312,20201212
578,0,0,0,0,0,1,0,20200312,20201212
579,0,0,0,0,0,0,0,20200312,20201212
580,0,0,0,0,0,0,1,20200312,20201212
581,0,0,0,0,0,0,0,20200312,20201212
582,0,0,0,0,0,1,1,20200312,20201212
583,0,0,0,0,0,0,0,20200312,20201212
584,1,1,1,1,1,1,1,20200312,20201212
585,0,0,0,0,0,0,0,20200312,20201212
586,1,1,1,1,1,0,1,20200312,20201212
587,1,1,1,1,1,0,1,20200312,20201212
588,1,1,1,1,0,0,1,20200312,20201212
589,1,1,1,1,1,0,1,20200312,20201212
590,0,0,0,0,0,1,0,20200312,20201212
591,0,0,0,0,0,1,1,20200312,20201212
592,0,0,0,0,0,0,0,20200312,20201212
593,0,0,0,0,0,0,0,20200312,20201212
594,0,0,0,0,0,0,0,20200312,20201212
595,0,0,0,0,0,0,0,20200312,20201212
596,0,0,0,0,0,0,0,20200312,20201212
597,1,1,1,1,1,0,0,20200312,20201212
598,0,0,0,0,0,1,1,20200312,20201212
599,0,0,0,0,0,0,1,20200312,20201212
600,0,0,0,0,0,1,0,20200312,20201212
601,1,1,1,1,1,1,1,20200312,20201212
602,0,0,0,0,0,0,0,20200312,20201212
603,0,0,0,0,0,0,0,20200312,20201212
604,1,1,1,1,1,1,0,20200312,20201212
605,0,0,0,0,0,1,0,20200312,20201212
606,1,1,1,1,1,0,1,20200312,20201212
607,1,1,1,1,1,1,1,20200312,20201212
608,0,0,0,0,0,0,0,20200312,20201212
609,0,0,0,0,0,0,0,20200312,20201212
610,0,0,0,0,0,1,0,20200312,20201212
611,0,0,0,0,0,0,1,20200312,20201212
612,0,0,0,0,0,0,0,20200312,20201212
613,0,0,0,0,0,0,0,20200312,20201212
614,0,0,0,0,0,0,0,20200312,20201212
615,1,1,1,1,1,1,1,20200312,20201212
616,1,1,1,1,1,0,0,20200312,20201212
617,0,0,0,0,0,0,0,20200312,20201212
618,0,0,0,0,0,0,1,20200312,20201212
619,0,0,0,0,0,0,0,20200312,20201212
620,0,0,0,0,0,0,0,20200312,20201212
621,1,1,1,1,1,1,0,20200312,20201212
622,0,0,0,0,0,0,1,20200312,20201212
623,1,1,1,1,1,0,0,20200312,20201212
624,0,0,0,0,0,1,0,20200312,20201212
625,0,0,0,0,0,1,1,20200312,20201212
626,1,1,1,1,1,1,0,20200312,20201212
627,0,0,0,0,0,0,0,20200312,20201212
628,0,0,0,0,0,0,0,20200312,20201212
629,1,1,1,1,1,1,1,20200312,20201212
630,1,1,1,1,1,1,1,20200312,20201212
631,1,1,1,1,1,1,1,20200312,20201212
632,1,1,1,1,1,1,0,20200312,20201212
633,0,0,0,0,0,0,1,20200312,20201212
634,0,0,0,0,0,1,1,20200312,20201212
635,1,1,1,1,1,1,1,20200312,20201212
636,1,1,1,1,1,1,0,20200312,20201212
637,1,1,1,1,1,1,1,20200312,20201212
638,1,1,1,1,1,0,0,20200312,20201212
639,1,1,1,1,1,0,0,20200312,20201212
640,0,0,0,0,0,1,1,20200312,20201212
641,0,0,0,0,0,0,0,20200312,20201212
642,0,0,0,0,0,0,0,20200312,20201212
643,0,0,0,0,0,0,0,20200312,20201212
644,0,0,0,0,0,0,0,20200312,20201212
645,0,0,0,0,0,0,0,20200312,20201212
646,0,0,0,0,0,0,0,20200312,20201212
647,0,0,0,0,0,0,0,20200312,20201212
648,0,0,0,0,0,0,0,20200312,20201212
649,1,1,1,1,1,1,1,20200312,20201212
650,0,0,0,0,0,0,0,20200312,20201212
651,1,1,1,1,1,1,0,20200312,20201212
652,1,1,1,1,1,1,1,20200312,20201212
653,1,1,1,1,1,1,1,20200312,20201212
654,1,1,1,1,0,1,1,20200312,20201212
655,1,1,1,1,1,1,1,20200312,20201212
656,1,1,1,1,1,1,1,20200312,20201212
657,0,0,0,0,0,0,0,20200312,20201212
658,1,1,1,1,1,1,1,20200312,20201212
659,0,0,0,0,0,0,0,20200312,20201212
660,0,0,0,0,0,0,0,20200312,20201212
661,0,0,0,0,0,1,0,20200312,20201212
662,0,0,0,0,0,1,1,20200312,20201212
663,1,1,1,1,0,0,0,20200312,20201212
664,0,1,1,1,0,0,0,20200312,20201212
665,0,0,0,0,1,0,0,20200312,20201212
666,0,1,0,1,0,0,0,20200312,20201212
667,0,0,1,0,0,0,0,20200312,20201212
668,1,1,1,1,1,0,0,20200312,20201212
669,1,0,1,1,1,0,0,20200312,20201212
670,0,1,0,0,0,0,0,20200312,20201212
671,0,0,0,0,0,0,0,20200312,20201212
672,0,0,0,0,0,0,0,20200312,20201212
673,0,0,0,0,0,0,0,20200312,20201212
674,1,1,1,1,1,1,1,20200312,20201212
675,0,0,0,0,0,0,0,20200312,20201212
676,1,1,1,1,1,0,1,20200312,20201212
677,0,0,0,0,0,0,0,20200312,20201212
678,0,0,0,0,0,0,0,20200312,20201212
679,0,0,0,0,0,0,0,20200312,20201212
680,1,0,0,0,0,0,0,20200312,20201212
681,1,0,0,0,1,0,0,20200312,20201212
682,0,0,0,0,0,0,0,20200312,20201212
683,0,0,0,0,0,0,0,20200312,20201212
684,0,1,1,1,1,0,0,20200312,20201212
685,0,0,0,0,0,0,0,20200312,20201212
686,0,0,0,0,0,1,0,20200312,20201212
687,0,0,0,0,0,0,0,20200312,20201212
688,0,0,0,0,0,0,0,20200312,20201212
689,0,0,0,0,0,0,1,20200312,20201212
690,0,0,0,0,0,0,0,20200312,20201212
691,1,1,1,1,1,0,0,20200312,20201212
692,0,0,0,0,0,1,0,20200312,20201212
693,0,0,0,0,0,0,0,20200312,20201212
694,1,1,1,0,0,0,0,20200312,20201212
695,0,0,0,0,0,0,0,20200312,20201212
696,0,0,0,0,0,0,0,20200312,20201212
697,0,0,0,0,0,0,0,20200312,20201212
698,1,0,0,0,0,0,0,20200312,20201212
699,0,1,1,1,0,0,0,20200312,20201212
700,0,0,0,0,0,0,0,20200312,20201212
701,1,1,1,1,1,0,0,20200312,20201212
702,0,0,0,0,0,0,0,20200312,20201212
703,0,0,0,0,0,0,0,20200312,20201212
704,0,0,0,0,0,0,0,20200312,20201212
705,0,0,0,0,0,0,0,20200312,20201212
706,0,0,0,0,0,0,0,20200312,20201212
707,0,0,0,0,0,0,0,20200312,20201212
708,0,0,0,0,0,0,0,20200312,20201212
709,0,0,1,1,0,0,0,20200312,20201212
710,0,0,0,0,0,1,0,20200312,20201212
711,1,1,1,1,1,1,0,20200312,20201212
712,0,1,1,0,1,0,0,20200312,20201212
713,1,0,0,1,1,0,0,20200312,20201212
714,0,0,0,0,0,0,1,20200312,20201212
715,0,1,0,1,1,0,0,20200312,20201212
716,0,1,1,1,1,0,0,20200312,20201212
717,1,0,1,0,0,0,0,20200312,20201212
718,1,1,0,1,0,0,0,20200312,20201212
719,1,1,1,1,1,0,0,20200312,20201212
720,1,1,1,1,1,0,0,20200312,20201212
721,1,0,1,0,1,0,0,20200312,20201212
722,1,0,0,1,0,0,0,20200312,20201212
723,1,1,1,0,1,0,0,20200312,20201212
724,0,0,0,1,0,0,0,20200312,20201212
725,1,0,1,1,0,0,0,20200312,20201212
726,0,1,0,0,1,0,0,20200312,20201212
727,0,0,1,0,1,0,0,20200312,20201212
728,0,0,0,0,1,0,0,20200312,20201212
729,0,0,0,0,0,0,0,20200312,20201212
730,0,0,0,0,0,0,0,20200312,20201212
731,0,0,0,0,0,0,0,20200312,20201212
732,0,0,0,0,0,0,0,20200312,20201212
733,0,0,0,0,0,0,0,20200312,20201212
734,0,0,0,0,0,0,0,20200312,20201212
735,1,1,1,1,1,0,0,20200312,20201212
736,1,1,1,1,0,0,0,20200312,20201212
737,0,1,1,0,0,0,0,20200312,20201212
738,1,1,1,1,0,0,0,20200312,20201212
739,1,1,1,1,1,1,0,20200312,20201212
740,1,1,1,1,1,1,1,20200312,20201212
741,0,0,0,0,0,0,0,20200312,20201212
742,0,0,0,0,0,0,0,20200312,20201212
743,0,0,0,0,0,0,0,20200312,20201212
744,0,0,0,0,0,0,0,20200312,20201212
745,0,0,0,0,0,0,0,20200312,20201212
746,0,0,0,0,0,0,0,20200312,20201212
747,0,0,0,0,0,1,1,20200312,20201212
748,1,1,1,1,1,0,1,20200312,20201212
749,0,0,0,0,0,0,0,20200312,20201212
750,0,0,0,0,0,0,0,20200312,20201212
751,0,1,1,1,1,0,0,20200312,20201212
752,0,0,0,0,0,0,0,20200312,20201212
753,1,1,1,1,1,0,0,20200312,20201212
754,0,0,0,0,0,0,0,20200312,20201212
755,1,1,1,1,1,0,0,20200312,20201212
756,0,0,0,0,0,0,0,20200312,20201212
757,0,0,0,0,0,1,0,20200312,20201212
758,0,0,0,0,0,0,0,20200312,20201212
759,0,0,0,0,0,0,0,20200312,20201212
760,0,0,0,0,0,0,0,20200312,20201212
761,0,0,0,0,0,0,0,20200312,20201212
762,0,0,0,0,0,0,0,20200312,20201212
763,0,0,0,0,0,0,0,20200312,20201212
764,1,1,1,1,0,0,1,20200312,20201212
765,1,1,1,1,1,0,0,20200312,20201212
766,1,1,1,1,1,1,1,20200312,20201212
767,0,0,0,0,0,1,1,20200312,20201212
768,1,1,1,1,1,1,1,20200312,20201212
769,0,0,0,0,0,0,0,20200312,20201212
770,0,0,0,0,0,0,0,20200312,20201212
771,0,0,0,0,0,0,0,20200312,20201212
772,0,0,0,0,0,0,0,20200312,20201212
773,0,0,0,0,0,0,0,20200312,20201212
774,0,0,0,0,0,0,0,20200312,20201212
775,0,0,0,0,0,0,0,20200312,20201212
776,0,0,0,0,0,0,0,20200312,20201212
777,1,1,1,1,1,0,0,20200312,20201212
778,0,0,0,0,1,1,0,20200312,20201212
779,0,0,0,0,0,0,0,20200312,20201212
780,0,0,0,0,0,1,0,20200312,20201212
781,0,0,0,0,0,0,0,20200312,20201212
782,1,1,1,1,1,1,0,20200312,20201212
783,0,0,0,0,0,0,0,20200312,20201212
784,0,0,0,0,0,0,0,20200312,20201212
785,1,1,1,1,0,0,0,20200312,20201212
786,0,1,1,0,0,0,0,20200312,20201212
787,0,1,0,0,1,0,0,20200312,20201212
788,0,0,0,0,1,0,0,20200312,20201212
789,0,0,0,0,0,0,0,20200312,20201212
790,0,1,1,0,0,0,0,20200312,20201212
791,1,0,0,1,0,0,0,20200312,20201212
792,0,1,0,0,0,0,0,20200312,20201212
793,0,0,0,0,0,0,0,20200312,20201212
794,0,1,1,0,1,0,0,20200312,20201212
795,1,0,1,1,1,0,0,20200312,20201212
796,0,0,0,1,1,0,0,20200312,20201212
797,1,1,1,0,0,0,0,20200312,20201212
798,1,0,1,1,0,0,0,20200312,20201212
799,0,1,0,0,0,0,0,20200312,20201212
800,0,0,1,0,0,0,0,20200312,20201212
801,0,0,0,0,0,0,0,20200312,20201212
802,1,1,0,1,0,0,0,20200312,20201212
803,0,0,1,0,1,0,0,20200312,20201212
804,0,0,0,0,0,1,0,20200312,20201212
805,0,0,0,0,0,0,1,20200312,20201212
806,0,0,0,0,0,0,0,20200312,20201212
807,0,0,0,0,0,0,0,20200312,20201212
808,0,0,0,0,0,1,1,20200312,20201212
809,0,0,0,0,0,0,0,20200312,20201212
810,1,1,1,1,1,0,0,20200312,20201212
811,0,0,0,0,0,0,0,20200312,20201212
812,0,0,0,0,0,0,0,20200312,20201212
813,1,1,1,1,0,0,1,20200312,20201212
814,0,0,0,0,0,0,0,20200312,20201212
815,0,0,0,0,0,0,0,20200312,20201212
816,0,0,0,0,0,0,0,20200312,20201212
817,1,1,1,1,1,0,0,20200312,20201212
818,0,0,0,0,0,0,0,20200312,20201212
819,1,1,1,1,1,1,0,20200312,20201212
820,0,0,0,0,0,0,0,20200312,20201212
821,0,0,0,0,0,1,0,20200312,20201212
822,1,1,1,1,1,1,0,20200312,20201212
823,1,1,1,1,1,0,0,20200312,20201212
824,0,0,0,0,0,1,1,20200312,20201212
825,0,0,0,0,0,1,0,20200312,20201212
826,1,1,1,1,1,0,0,20200312,20201212
827,0,0,0,0,0,0,0,20200312,20201212
828,0,0,0,0,0,0,0,20200312,20201212
829,0,0,0,0,0,0,0,20200312,20201212
830,0,0,0,0,0,0,0,20200312,20201212
831,0,0,0,0,0,0,0,20200312,20201212
832,0,0,0,0,0,0,0,20200312,20201212
833,0,0,0,0,0,0,0,20200312,20201212
834,0,0,0,0,0,0,0,20200312,20201212
835,1,1,1,1,1,1,1,20200312,20201212
836,1,1,1,1,0,0,1,20200312,20201212
837,0,0,0,0,0,0,0,20200312,20201212
838,1,1,1,1,1,0,1,20200312,20201212
839,0,0,0,0,0,0,0,20200312,20201212
840,0,0,0,0,0,0,0,20200312,20201212
841,1,1,1,1,1,0,0,20200312,20201212
842,0,0,0,0,0,1,1,20200312,20201212
843,0,0,0,0,0,1,0,20200312,20201212
844,0,0,0,0,0,0,1,20200312,20201212
845,1,1,1,1,1,1,0,20200312,20201212
846,1,1,1,1,1,1,1,20200312,20201212
847,0,0,0,0,1,1,0,20200312,20201212
848,0,0,0,0,0,0,0,20200312,20201212
849,0,0,0,0,0,0,0,20200312,20201212
850,0,0,0,0,0,0,0,20200312,20201212
851,0,0,0,0,0,0,0,20200312,20201212
852,0,0,0,0,0,0,0,20200312,20201212
853,0,0,0,0,0,0,0,20200312,20201212
854,0,0,0,0,0,0,0,20200312,20201212
855,0,0,0,0,0,1,0,20200312,20201212
856,0,0,0,0,0,0,0,20200312,20201212
857,0,0,0,0,0,1,0,20200312,20201212
858,0,0,0,0,0,0,0,20200312,20201212
859,0,0,0,0,0,0,1,20200312,20201212
860,0,0,0,0,1,0,0,20200312,20201212
861,0,1,1,1,1,0,0,20200312,20201212
862,0,0,0,0,0,0,0,20200312,20201212
863,0,0,0,0,0,1,0,20200312,20201212
864,0,0,0,0,0,0,1,20200312,20201212
865,1,1,1,1,1,1,1,20200312,20201212
866,1,1,1,1,1,0,0,20200312,20201212
867,1,1,1,1,1,1,0,20200312,20201212
868,0,0,0,0,0,1,1,20200312,20201212
869,0,0,0,0,0,0,0,20200312,20201212
870,0,0,0,0,0,0,0,20200312,20201212
871,0,0,0,0,0,0,0,20200312,20201212
872,0,0,0,0,0,0,0,20200312,20201212
873,0,0,0,0,0,0,0,20200312,20201212
874,0,0,0,0,0,0,0,20200312,20201212
875,0,0,0,0,0,0,0,20200312,20201212
876,1,1,1,1,1,0,0,20200312,20201212
877,0,0,0,0,0,0,0,20200312,20201212
878,0,0,0,0,0,0,0,20200312,20201212
879,0,0,0,0,1,0,0,20200312,20201212
880,1,1,1,1,1,0,0,20200312,20201212
881,0,0,1,1,0,0,0,20200312,20201212
882,0,0,0,0,1,1,0,20200312,20201212
883,0,0,0,0,0,1,1,20200312,20201212
884,0,0,0,0,0,0,0,20200312,20201212
885,1,1,1,1,1,0,0,20200312,20201212
886,0,0,0,0,0,0,0,20200312,20201212
887,1,1,1,1,1,1,0,20200312,20201212
888,1,1,1,1,1,1,0,20200312,20201212
889,0,0,0,0,0,0,1,20200312,20201212
890,0,0,0,0,0,1,1,20200312,20201212
891,0,0,0,0,0,0,0,20200312,20201212
892,0,0,0,0,0,0,0,20200312,20201212
893,0,0,0,0,0,0,0,20200312,20201212
894,0,0,0,0,0,1,0,20200312,20201212
895,0,0,0,0,0,0,0,20200312,20201212
896,0,0,0,0,0,1,0,20200312,20201212
897,0,0,0,0,0,0,0,20200312,20201212
898,0,0,0,0,0,0,0,20200312,20201212
899,0,0,0,0,1,0,0,20200312,20201212
900,1,1,1,1,1,1,1,20200312,20201212
901,0,0,0,0,0,0,0,20200312,20201212
902,0,0,0,0,0,0,0,20200312,20201212
903,0,0,0,0,0,0,0,20200312,20201212
904,0,0,0,0,0,0,0,20200312,20201212
905,0,0,0,0,0,0,0,20200312,20201212
906,0,0,0,0,0,0,0,20200312,20201212
907,0,0,0,0,0,0,0,20200312,20201212
908,1,1,1,1,0,0,0,20200312,20201212
909,0,0,0,0,0,0,1,20200312,20201212
910,0,0,0,0,0,0,0,20200312,20201212
911,0,0,0,0,0,0,0,20200312,20201212
912,0,0,0,0,0,0,0,20200312,20201212
913,0,0,0,0,0,1,0,20200312,20201212
914,0,0,0,0,0,0,1,20200312,20201212
915,0,0,0,0,0,0,0,20200312,20201212
916,0,0,0,0,0,0,0,20200312,20201212
917,0,0,0,0,0,0,0,20200312,20201212
918,0,0,0,0,0,0,0,20200312,20201212
919,0,0,0,0,0,0,0,20200312,20201212
920,1,1,1,1,1,0,0,20200312,20201212
921,1,1,1,1,1,1,0,20200312,20201212
922,1,1,1,1,0,0,0,20200312,20201212
923,0,0,0,0,1,1,0,20200312,20201212
924,1,1,1,1,0,0,1,20200312,20201212
925,0,0,0,0,0,0,0,20200312,20201212
926,0,0,0,0,0,1,0,20200312,20201212
927,0,0,0,0,0,1,0,20200312,20201212
928,0,0,0,0,0,1,1,20200312,20201212
929,0,0,0,0,0,0,0,20200312,20201212
930,0,0,0,0,1,1,1,20200312,20201212
931,0,0,0,0,0,0,0,20200312,20201212
932,0,0,0,0,0,0,0,20200312,20201212
933,0,0,0,0,0,0,0,20200312,20201212
934,0,0,0,0,0,0,0,20200312,20201212
935,0,0,0,0,0,0,0,20200312,20201212
936,1,1,1,1,1,1,1,20200312,20201212
937,1,1,1,1,1,1,1,20200312,20201212
938,0,0,0,0,0,0,0,20200312,20201212
939,0,0,0,0,0,0,0,20200312,20201212
940,0,0,0,0,0,0,0,20200312,20201212
941,0,0,0,0,0,0,0,20200312,20201212
942,0,0,0,0,1,1,0,20200312,20201212
943,0,0,0,0,0,0,0,20200312,20201212
944,0,0,0,0,1,1,0,20200312,20201212
945,0,0,0,0,0,0,0,20200312,20201212
946,0,0,0,0,0,0,0,20200312,20201212
947,1,1,1,1,1,1,1,20200312,20201212
948,1,1,1,1,1,1,1,20200312,20201212
949,1,1,1,1,1,0,0,20200312,20201212
950,0,0,0,0,0,0,0,20200312,20201212
951,1,1,1,1,1,1,1,20200312,20201212
952,1,1,1,1,1,1,1,20200312,20201212
953,0,0,0,0,0,1,0,20200312,20201212
954,0,0,0,0,0,1,0,20200312,20201212
955,0,0,0,0,0,1,1,20200312,20201212
956,0,0,0,0,0,1,1,20200312,20201212
957,1,1,1,1,1,1,0,20200312,20201212
958,1,1,1,1,1,1,0,20200312,20201212
959,1,1,1,1,1,1,0,20200312,20201212
960,0,0,0,0,0,0,0,20200312,20201212
961,0,0,0,0,1,1,0,20200312,20201212
962,1,1,1,1,1,0,1,20200312,20201212
963,1,1,1,1,1,1,1,20200312,20201212
964,1,1,1,1,1,1,0,20200312,20201212
965,1,1,1,1,0,1,0,20200312,20201212
966,0,0,0,0,0,0,1,20200312,20201212
967,1,1,1,1,1,0,0,20200312,20201212
968,1,1,1,1,1,1,1,20200312,20201212
969,0,0,0,0,0,0,0,20200312,20201212
970,1,1,1,1,1,1,1,20200312,20201212
971,1,1,1,1,1,1,1,20200312,20201212
972,1,1,1,1,1,1,1,20200312,20201212
973,1,1,1,1,1,1,1,20200312,20201212
974,0,0,0,0,0,0,0,20200312,20201212
975,1,1,1,1,1,1,1,20200312,20201212
976,0,0,0,0,0,0,0,20200312,20201212
977,1,1,1,1,1,1,1,20200312,20201212
978,1,1,1,1,1,1,1,20200312,20201212
979,0,0,0,0,1,1,0,20200312,20201212
980,0,0,0,0,1,0,0,20200312,20201212
981,0,0,0,0,1,1,0,20200312,20201212
982,0,0,0,0,1,1,0,20200312,20201212
983,0,0,0,0,0,0,0,20200312,20201212
984,0,0,0,0,0,0,0,20200312,20201212
985,0,0,0,0,0,0,0,20200312,20201212
986,0,0,0,0,0,0,0,20200312,20201212
987,0,0,0,0,0,0,0,20200312,20201212
988,0,0,0,0,0,0,0,20200312,20201212
989,0,0,0,0,0,0,0,20200312,20201212
990,0,0,0,0,0,0,0,20200312,20201212
991,0,0,0,0,0,0,0,20200312,20201212
992,0,0,0,0,0,0,0,20200312,20201212
993,0,0,0,0,0,0,0,20200312,20201212
994,0,0,0,0,0,0,0,20200312,20201212
995,0,0,0,0,0,0,0,20200312,20201212
996,0,0,0,0,0,0,0,20200312,20201212
997,0,0,0,0,0,0,0,20200312,20201212
998,0,0,0,0,0,0,0,20200312,20201212
999,0,0,0,0,0,0,0,20200312,20201212
1000,0,0,0,0,0,0,0,20200312,20201212
1001,1,1,1,1,1,0,0,20200312,20201212
1002,0,0,0,0,0,0,0,20200312,20201212
1003,0,0,0,0,0,0,0,20200312,20201212
1004,0,0,0,0,0,0,0,20200312,20201212
1005,0,0,0,0,0,0,0,20200312,20201212
1006,0,0,0,0,0,0,0,20200312,20201212
1007,0,0,0,0,0,0,0,20200312,20201212
1008,0,0,0,0,0,0,0,20200312,20201212
1009,0,0,0,0,0,0,0,20200312,20201212
1010,0,0,0,0,0,0,0,20200312,20201212
1011,0,0,0,0,0,0,0,20200312,20201212
1012,0,0,0,0,0,0,0,20200312,20201212
1013,0,0,0,0,0,0,0,20200312,20201212
1014,0,0,0,0,0,0,0,20200312,20201212
1015,0,0,0,0,0,0,0,20200312,20201212
1016,0,0,0,0,0,0,0,20200312,20201212
1017,0,0,0,0,0,0,0,20200312,20201212
1018,0,0,0,0,0,0,0,20200312,20201212
1019,1,1,1,1,0,0,1,20200312,20201212
1020,1,1,1,1,0,0,1,20200312,20201212
1021,1,1,1,1,1,1,0,20200312,20201212
1022,0,0,0,0,0,0,0,20200312,20201212
1023,1,1,1,1,1,1,1,20200312,20201212
1024,0,0,0,0,0,0,0,20200312,20201212
1025,1,1,1,1,1,1,1,20200312,20201212
1026,0,0,0,0,0,0,0,20200312,20201212
1027,0,0,0,0,0,1,1,20200312,20201212
1028,0,0,0,0,0,0,0,20200312,20201212
1029,1,1,1,1,1,1,1,20200312,20201212
1030,0,0,0,0,0,0,0,20200312,20201212
1031,1,1,1,1,1,1,1,20200312,20201212
1032,0,0,0,0,0,0,0,20200312,20201212
1033,1,1,1,1,1,1,1,20200312,20201212
1034,0,0,0,0,0,0,0,20200312,20201212
1035,0,0,0,0,0,0,0,20200312,20201212
1036,0,0,0,0,0,0,0,20200312,20201212
1037,0,0,0,0,0,0,0,20200312,20201212
1038,0,0,0,0,0,0,0,20200312,20201212
1039,0,0,0,0,0,0,0,20200312,20201212
1040,1,1,1,1,1,0,0,20200312,20201212
1041,0,0,0,0,0,0,0,20200312,20201212
1042,0,0,0,0,0,0,0,20200312,20201212
1043,0,0,0,0,0,0,0,20200312,20201212
1044,1,1,1,1,1,0,0,20200312,20201212
1045,1,1,1,1,1,0,0,20200312,20201212
1046,1,1,1,1,1,0,0,20200312,20201212
1047,1,1,1,1,1,0,0,20200312,20201212
1048,1,1,1,1,1,0,0,20200312,20201212
1049,0,0,0,0,0,1,1,20200312,20201212
1050,1,1,1,1,1,1,1,20200312,20201212
1051,1,1,1,1,1,1,1,20200312,20201212
1052,1,1,1,1,1,1,1,20200312,20201212
1053,0,0,0,0,0,0,0,20200312,20201212
1054,0,0,0,0,0,0,0,20200312,20201212
1055,0,0,0,0,0,0,0,20200312,20201212
1056,1,1,1,1,1,0,0,20200312,20201212
1057,0,0,0,0,0,1,0,20200312,20201212
1058,0,0,0,0,0,0,0,20200312,20201212
1059,0,0,0,0,0,1,1,20200312,20201212
1060,1,1,1,1,1,1,1,20200312,20201212
1061,0,0,0,0,0,0,0,20200312,20201212
1062,1,1,1,1,1,1,0,20200312,20201212
1063,0,0,0,0,0,0,0,20200312,20201212
1064,0,0,0,0,0,0,0,20200312,20201212
1065,0,0,0,0,0,0,0,20200312,20201212
1066,0,0,0,0,0,0,0,20200312,20201212
1067,0,0,0,0,0,0,0,20200312,20201212
1068,1,1,1,1,1,0,0,20200312,20201212
1069,1,1,1,1,1,0,0,20200312,20201212
1070,1,1,1,1,1,0,0,20200312,20201212
1071,1,1,1,1,1,0,0,20200312,20201212
1072,0,0,0,0,0,1,1,20200312,20201212
1073,0,0,0,0,0,0,1,20200312,20201212
1074,0,0,0,0,0,0,0,20200312,20201212
1075,0,0,0,0,0,0,0,20200312,20201212
1076,0,0,0,0,0,0,0,20200312,20201212
1077,1,0,0,0,0,0,0,20200312,20201212
1078,0,0,0,0,0,0,0,20200312,20201212
1079,0,0,0,0,0,0,0,20200312,20201212
1080,0,0,0,0,0,0,0,20200312,20201212
1081,0,0,0,1,0,0,0,20200312,20201212
1082,0,0,0,0,0,0,0,20200312,20201212
1083,0,0,0,0,0,0,0,20200312,20201212
1084,0,0,0,0,0,1,0,20200312,20201212
1085,0,0,0,0,0,0,0,20200312,20201212
1086,0,0,0,0,0,1,1,20200312,20201212
1087,1,1,0,0,0,0,0,20200312,20201212
1088,0,0,0,1,0,0,0,20200312,20201212
1089,0,0,1,0,0,1,0,20200312,20201212
1090,1,1,1,1,1,1,0,20200312,20201212
1091,0,1,1,1,0,0,0,20200312,20201212
1092,1,1,0,0,1,0,0,20200312,20201212
1093,0,0,1,1,0,0,0,20200312,20201212
1094,1,0,0,0,1,0,0,20200312,20201212
1095,0,0,0,0,0,0,0,20200312,20201212
1096,0,0,0,0,0,0,0,20200312,20201212
1097,0,0,0,0,0,1,0,20200312,20201212
1098,0,0,0,0,0,0,0,20200312,20201212
1099,1,1,1,1,1,1,1,20200312,20201212
1100,0,1,1,1,0,0,0,20200312,20201212
1101,0,0,0,0,0,0,0,20200312,20201212
1102,0,1,1,1,0,0,0,20200312,20201212
1103,0,0,0,0,0,0,0,20200312,20201212
1104,1,1,1,0,1,0,0,20200312,20201212
1105,0,1,1,1,1,0,0,20200312,20201212
1106,0,1,1,1,0,1,0,20200312,20201212
1107,1,1,1,1,1,1,1,20200312,20201212
1108,0,0,0,0,0,0,0,20200312,20201212
1109,0,0,0,0,0,0,0,20200312,20201212
1110,0,0,0,0,0,0,0,20200312,20201212
1111,0,0,0,0,0,0,0,20200312,20201212
1112,0,0,0,0,0,0,0,20200312,20201212
1113,0,0,0,0,0,0,0,20200312,20201212
1114,0,0,0,0,0,0,0,20200312,20201212
1115,0,0,0,0,0,0,0,20200312,20201212
1116,0,0,0,0,0,0,0,20200312,20201212
1117,0,0,0,0,0,0,0,20200312,20201212
1118,0,0,0,0,0,0,0,20200312,20201212
1119,0,0,0,0,0,0,0,20200312,20201212
1120,0,0,0,0,0,0,0,20200312,20201212
1121,0,0,0,0,0,0,0,20200312,20201212
1122,0,0,0,0,0,0,0,20200312,20201212
1123,0,0,0,0,0,0,0,20200312,20201212
1124,0,0,0,0,0,0,0,20200312,20201212
1125,0,0,0,0,0,0,0,20200312,20201212
1126,0,0,0,0,0,0,0,20200312,20201212
1127,0,0,0,0,0,0,0,20200312,20201212
1128,0,0,0,0,0,0,0,20200312,20201212
1129,0,0,0,0,0,0,0,20200312,20201212
1130,0,0,0,0,0,0,0,20200312,20201212
1131,0,0,0,0,0,0,0,20200312,20201212
1132,0,0,0,0,0,0,0,20200312,20201212
1133,0,0,0,0,0,0,0,20200312,20201212
1134,0,0,0,0,0,0,0,20200312,20201212
1135,0,0,0,0,0,0,0,20200312,20201212
1136,0,0,1,0,0,0,0,20200312,20201212
1137,0,0,0,1,0,0,0,20200312,20201212
1138,0,0,0,0,0,0,0,20200312,20201212
1139,0,0,0,0,0,0,0,20200312,20201212
1140,0,0,0,0,0,0,0,20200312,20201212
1141,0,0,0,0,0,0,0,20200312,20201212
1142,0,0,0,0,0,0,0,20200312,20201212
1143,0,0,0,0,0,0,0,20200312,20201212
1144,0,0,0,0,0,0,0,20200312,20201212
1145,0,0,0,0,0,0,0,20200312,20201212
1146,0,0,0,0,0,0,0,20200312,20201212
1147,0,0,0,0,0,0,0,20200312,20201212
1148,0,0,0,0,0,0,0,20200312,20201212
1149,0,0,0,0,0,0,0,20200312,20201212
1150,0,0,0,0,0,0,0,20200312,20201212
1151,0,0,0,0,0,0,0,20200312,20201212
1152,0,0,0,0,0,0,0,20200312,20201212
1153,0,0,0,0,0,0,0,20200312,20201212
1154,0,0,0,0,0,0,0,20200312,20201212
1155,0,0,0,0,0,0,0,20200312,20201212
1156,0,0,0,0,0,0,0,20200312,20201212
1157,0,0,0,0,0,0,0,20200312,20201212
1158,0,0,0,0,0,0,0,20200312,20201212
1159,0,0,0,0,0,0,0,20200312,20201212
1160,0,0,0,0,0,0,0,20200312,20201212
1161,0,0,0,0,0,0,0,20200312,20201212
1162,0,0,0,0,0,0,0,20200312,20201212
1163,0,0,0,0,0,0,0,20200312,20201212
1164,0,0,0,0,0,0,0,20200312,20201212
1165,0,0,0,0,0,0,0,20200312,20201212
1166,0,0,0,0,0,0,0,20200312,20201212
1167,0,0,0,0,0,0,0,20200312,20201212
1168,0,0,0,0,0,0,0,20200312,20201212
1169,0,1,0,1,0,0,0,20200312,20201212
1170,0,0,0,0,0,0,0,20200312,20201212
1171,0,0,0,0,0,0,0,20200312,20201212
1172,0,0,0,0,0,0,0,20200312,20201212
1173,0,0,0,0,0,0,0,20200312,20201212
